;;pow;pow;pow;pow;pow;pow;pow;pow;pow;pow;pow;pow;pow;pow;pow;pow;pow;pow;pow;pow;pow;pow;pow;pow;pow;pow;pow;pow;pow;pow;pow;pow;pow;pow;pow;pow;pow;pow;pow;pow;pow;pow;pow;pow;pow;pow;pow;pow;pow;pow;pow;pow;pow;pow;pow;pow;pow;pow;pow;pow;pow;pow;pow;pow;pow;pow;pow;pow;pow;pow;pow;pow;pow;pow;pow;pow;pow;pow;pow;pow;pow;pow;pow;pow;pow;pow;pow;pow;pow;pow;pow;pow;pow;pow;pow;pow;pow;pow;pow;pow
1;JPSP;0,102;0,107;0,089;0,11;0,12;0,105;0,126;0,137;0,184;0,179;0,174;0,21;0,22;0,255;0,282;0,33;0,331;0,385;0,408;0,437;0,492;0,523;0,556;0,601;0,652;0,683;0,717;0,775;0,787;0,816;0,843;0,868;0,895;0,886;0,921;0,927;0,951;0,963;0,98;0,974;0,987;0,984;0,992;0,991;0,993;0,995;1;1;1;1;1;1;1;1;1;1;1;1;1;1;1;1;1;1;1;1;1;1;1;1;1;1;1;1;1;1;1;1;1;1;1;1;1;1;1;1;1;1;1;1;1;1;1;1;1;1;1;1;1;1
2;JPSP;0,098;0,105;0,128;0,131;0,149;0,167;0,157;0,207;0,23;0,282;0,298;0,342;0,434;0,493;0,526;0,577;0,637;0,68;0,748;0,756;0,81;0,826;0,872;0,89;0,916;0,944;0,94;0,952;0,977;0,977;0,98;0,991;0,994;0,991;0,995;1;1;1;1;1;1;1;1;1;1;1;1;1;1;1;1;1;1;1;1;1;1;1;1;1;1;1;1;1;1;1;1;1;1;1;1;1;1;1;1;1;1;1;1;1;1;1;1;1;1;1;1;1;1;1;1;1;1;1;1;1;1;1;1;1
3;JPSP;0;0;0;0;0;0;0;0;0;0;0;0;0;0;0;0;0;0;0;0;0;0;0;0;0;0;0;0;0;0;0;0;0;0;0;0;0;0;0;0;0;0;0;0;0;0;0;0;0;0;0;0;0;0;0;0;0;0;0;0;0;0;0;0;0;0;0;0;0;0;0;0;0;0;0;0;0;0;0;0;0;0;0;0;0;0;0;0;0;0;0;0;0;0;0;0;0;0;0;0
4;JPSP;0,105;0,094;0,1;0,12;0,131;0,151;0,172;0,209;0,254;0,262;0,343;0,383;0,452;0,525;0,591;0,667;0,715;0,729;0,84;0,853;0,883;0,926;0,954;0,956;0,975;0,974;0,988;0,992;0,997;1;1;1;1;1;1;1;1;1;1;1;1;1;1;1;1;1;1;1;1;1;1;1;1;1;1;1;1;1;1;1;1;1;1;1;1;1;1;1;1;1;1;1;1;1;1;1;1;1;1;1;1;1;1;1;1;1;1;1;1;1;1;1;1;1;1;1;1;1;1;1
5;JPSP;0,113;0,117;0,13;0,1;0,147;0,132;0,145;0,154;0,183;0,214;0,227;0,256;0,273;0,293;0,329;0,374;0,399;0,411;0,443;0,501;0,55;0,539;0,593;0,625;0,647;0,692;0,714;0,704;0,774;0,76;0,79;0,835;0,824;0,854;0,861;0,867;0,879;0,892;0,906;0,929;0,936;0,932;0,944;0,951;0,97;0,98;0,978;0,975;0,987;0,98;0,993;0,989;0,993;0,996;1;1;1;1;1;1;1;1;1;1;1;1;1;1;1;1;1;1;1;1;1;1;1;1;1;1;1;1;1;1;1;1;1;1;1;1;1;1;1;1;1;1;1;1;1;1
6;JPSP;0;0;0;0;0;0;0;0;0;0;0;0;0;0;0;0;0;0;0;0;0;0;0;0;0;0;0;0;0;0;0;0;0;0;0;0;0;0;0;0;0;0;0;0;0;0;0;0;0;0;0;0;0;0;0;0;0;0;0;0;0;0;0;0;0;0;0;0;0;0;0;0;0;0;0;0;0;0;0;0;0;0;0;0;0;0;0;0;0;0;0;0;0;0;0;0;0;0;0;0
7;JPSP;0;0;0;0;0;0;0;0;0;0;0;0;0;0;0;0;0;0;0;0;0;0;0;0;0;0;0;0;0;0;0;0;0;0;0;0;0;0;0;0;0;0;0;0;0;0;0;0;0;0;0;0;0;0;0;0;0;0;0;0;0;0;0;0;0;0;0;0;0;0;0;0;0;0;0;0;0;0;0;0;0;0;0;0;0;0;0;0;0;0;0;0;0;0;0;0;0;0;0;0
8;JPSP;0,106;0,104;0,117;0,111;0,113;0,118;0,146;0,136;0,16;0,166;0,229;0,194;0,235;0,264;0,317;0,339;0,34;0,418;0,44;0,456;0,503;0,548;0,59;0,651;0,63;0,667;0,747;0,743;0,767;0,824;0,818;0,857;0,88;0,888;0,916;0,933;0,956;0,956;0,959;0,961;0,98;0,979;0,984;0,984;0,99;0,995;1;1;1;1;1;1;1;1;1;1;1;1;1;1;1;1;1;1;1;1;1;1;1;1;1;1;1;1;1;1;1;1;1;1;1;1;1;1;1;1;1;1;1;1;1;1;1;1;1;1;1;1;1;1
9;JPSP;0,107;0,1;0,092;0,118;0,111;0,102;0,148;0,136;0,132;0,143;0,154;0,158;0,187;0,219;0,228;0,267;0,281;0,282;0,325;0,354;0,378;0,387;0,385;0,447;0,454;0,504;0,51;0,566;0,569;0,609;0,642;0,672;0,697;0,719;0,747;0,762;0,782;0,808;0,824;0,851;0,865;0,84;0,863;0,891;0,89;0,921;0,916;0,938;0,946;0,943;0,963;0,959;0,974;0,974;0,974;0,987;0,975;0,983;0,991;0,984;0,993;0,995;1;1;1;1;1;1;1;1;1;1;1;1;1;1;1;1;1;1;1;1;1;1;1;1;1;1;1;1;1;1;1;1;1;1;1;1;1;1
10;JPSP;0,097;0,094;0,097;0,119;0,135;0,167;0,217;0,287;0,347;0,367;0,437;0,493;0,576;0,649;0,726;0,786;0,833;0,855;0,87;0,916;0,947;0,96;0,96;0,983;0,983;0,989;0,997;1;1;1;1;1;1;1;1;1;1;1;1;1;1;1;1;1;1;1;1;1;1;1;1;1;1;1;1;1;1;1;1;1;1;1;1;1;1;1;1;1;1;1;1;1;1;1;1;1;1;1;1;1;1;1;1;1;1;1;1;1;1;1;1;1;1;1;1;1;1;1;1;1
11;JPSP;0;0;0;0;0;0;0;0;0;0;0;0;0;0;0;0;0;0;0;0;0;0;0;0;0;0;0;0;0;0;0;0;0;0;0;0;0;0;0;0;0;0;0;0;0;0;0;0;0;0;0;0;0;0;0;0;0;0;0;0;0;0;0;0;0;0;0;0;0;0;0;0;0;0;0;0;0;0;0;0;0;0;0;0;0;0;0;0;0;0;0;0;0;0;0;0;0;0;0;0
12;JPSP;0;0;0;0;0;0;0;0;0;0;0;0;0;0;0;0;0;0;0;0;0;0;0;0;0;0;0;0;0;0;0;0;0;0;0;0;0;0;0;0;0;0;0;0;0;0;0;0;0;0;0;0;0;0;0;0;0;0;0;0;0;0;0;0;0;0;0;0;0;0;0;0;0;0;0;0;0;0;0;0;0;0;0;0;0;0;0;0;0;0;0;0;0;0;0;0;0;0;0;0
13;JPSP;0;0;0;0;0;0;0;0;0;0;0;0;0;0;0;0;0;0;0;0;0;0;0;0;0;0;0;0;0;0;0;0;0;0;0;0;0;0;0;0;0;0;0;0;0;0;0;0;0;0;0;0;0;0;0;0;0;0;0;0;0;0;0;0;0;0;0;0;0;0;0;0;0;0;0;0;0;0;0;0;0;0;0;0;0;0;0;0;0;0;0;0;0;0;0;0;0;0;0;0
14;JPSP;0,087;0,085;0,11;0,115;0,117;0,133;0,132;0,129;0,16;0,16;0,19;0,196;0,216;0,246;0,293;0,28;0,313;0,381;0,385;0,433;0,433;0,446;0,505;0,55;0,567;0,594;0,608;0,643;0,662;0,725;0,725;0,733;0,793;0,796;0,831;0,844;0,867;0,868;0,883;0,904;0,915;0,935;0,938;0,956;0,938;0,952;0,97;0,968;0,974;0,977;0,981;0,985;0,994;0,993;0,992;0,995;1;1;1;1;1;1;1;1;1;1;1;1;1;1;1;1;1;1;1;1;1;1;1;1;1;1;1;1;1;1;1;1;1;1;1;1;1;1;1;1;1;1;1;1
15;JPSP;0,101;0,107;0,1;0,115;0,113;0,126;0,135;0,177;0,188;0,211;0,233;0,257;0,286;0,315;0,368;0,414;0,457;0,489;0,519;0,574;0,644;0,688;0,732;0,774;0,805;0,825;0,864;0,907;0,916;0,937;0,943;0,961;0,975;0,978;0,985;0,987;0,993;0,999;1;1;1;1;1;1;1;1;1;1;1;1;1;1;1;1;1;1;1;1;1;1;1;1;1;1;1;1;1;1;1;1;1;1;1;1;1;1;1;1;1;1;1;1;1;1;1;1;1;1;1;1;1;1;1;1;1;1;1;1;1;1
16;JPSP;0,106;0,097;0,12;0,126;0,157;0,176;0,247;0,293;0,314;0,363;0,439;0,481;0,481;0,573;0,584;0,608;0,646;0,701;0,698;0,737;0,76;0,776;0,808;0,846;0,856;0,855;0,868;0,879;0,916;0,911;0,923;0,929;0,949;0,952;0,951;0,952;0,963;0,972;0,969;0,974;0,977;0,985;0,984;0,983;0,993;0,992;0,992;0,994;0,996;1;1;1;1;1;1;1;1;1;1;1;1;1;1;1;1;1;1;1;1;1;1;1;1;1;1;1;1;1;1;1;1;1;1;1;1;1;1;1;1;1;1;1;1;1;1;1;1;1;1;1
17;JPSP;0,103;0,094;0,097;0,113;0,137;0,156;0,181;0,224;0,267;0,29;0,341;0,37;0,443;0,474;0,524;0,542;0,591;0,623;0,677;0,737;0,751;0,785;0,807;0,798;0,843;0,865;0,914;0,911;0,917;0,935;0,937;0,946;0,96;0,964;0,967;0,976;0,985;0,979;0,98;0,993;0,988;0,993;0,99;0,996;1;1;1;1;1;1;1;1;1;1;1;1;1;1;1;1;1;1;1;1;1;1;1;1;1;1;1;1;1;1;1;1;1;1;1;1;1;1;1;1;1;1;1;1;1;1;1;1;1;1;1;1;1;1;1;1
18;JPSP;0,096;0,1;0,123;0,152;0,193;0,257;0,309;0,429;0,512;0,6;0,686;0,778;0,843;0,907;0,93;0,968;0,979;0,984;0,991;0,998;1;1;1;1;1;1;1;1;1;1;1;1;1;1;1;1;1;1;1;1;1;1;1;1;1;1;1;1;1;1;1;1;1;1;1;1;1;1;1;1;1;1;1;1;1;1;1;1;1;1;1;1;1;1;1;1;1;1;1;1;1;1;1;1;1;1;1;1;1;1;1;1;1;1;1;1;1;1;1;1
19;JPSP;0,09;0,093;0,124;0,116;0,112;0,121;0,113;0,151;0,144;0,158;0,182;0,22;0,233;0,261;0,277;0,328;0,344;0,342;0,392;0,422;0,466;0,509;0,52;0,571;0,555;0,605;0,647;0,654;0,717;0,749;0,759;0,762;0,802;0,809;0,852;0,869;0,85;0,893;0,919;0,912;0,921;0,933;0,953;0,961;0,97;0,962;0,971;0,984;0,975;0,98;0,99;0,99;0,992;0,995;1;1;1;1;1;1;1;1;1;1;1;1;1;1;1;1;1;1;1;1;1;1;1;1;1;1;1;1;1;1;1;1;1;1;1;1;1;1;1;1;1;1;1;1;1;1
20;JPSP;0,103;0,105;0,099;0,113;0,113;0,107;0,12;0,148;0,143;0,146;0,181;0,178;0,203;0,199;0,238;0,257;0,262;0,304;0,317;0,318;0,295;0,374;0,354;0,397;0,421;0,433;0,454;0,504;0,501;0,535;0,543;0,549;0,595;0,589;0,619;0,635;0,624;0,655;0,696;0,67;0,698;0,711;0,752;0,764;0,778;0,766;0,789;0,802;0,818;0,82;0,845;0,85;0,824;0,887;0,885;0,89;0,896;0,919;0,91;0,916;0,927;0,935;0,934;0,943;0,946;0,959;0,961;0,966;0,97;0,981;0,978;0,98;0,985;0,983;0,983;0,98;0,993;0,995;1;1;1;1;1;1;1;1;1;1;1;1;1;1;1;1;1;1;1;1;1;1
21;JPSP;0;0;0;0;0;0;0;0;0;0;0;0;0;0;0;0;0;0;0;0;0;0;0;0;0;0;0;0;0;0;0;0;0;0;0;0;0;0;0;0;0;0;0;0;0;0;0;0;0;0;0;0;0;0;0;0;0;0;0;0;0;0;0;0;0;0;0;0;0;0;0;0;0;0;0;0;0;0;0;0;0;0;0;0;0;0;0;0;0;0;0;0;0;0;0;0;0;0;0;0
22;JPSP;0,099;0,121;0,114;0,125;0,128;0,171;0,166;0,198;0,266;0,308;0,349;0,371;0,429;0,5;0,508;0,575;0,613;0,666;0,747;0,772;0,8;0,837;0,893;0,909;0,937;0,927;0,95;0,959;0,974;0,982;0,986;0,986;0,994;0,996;1;1;1;1;1;1;1;1;1;1;1;1;1;1;1;1;1;1;1;1;1;1;1;1;1;1;1;1;1;1;1;1;1;1;1;1;1;1;1;1;1;1;1;1;1;1;1;1;1;1;1;1;1;1;1;1;1;1;1;1;1;1;1;1;1;1
23;JPSP;0;0;0;0;0;0;0;0;0;0;0;0;0;0;0;0;0;0;0;0;0;0;0;0;0;0;0;0;0;0;0;0;0;0;0;0;0;0;0;0;0;0;0;0;0;0;0;0;0;0;0;0;0;0;0;0;0;0;0;0;0;0;0;0;0;0;0;0;0;0;0;0;0;0;0;0;0;0;0;0;0;0;0;0;0;0;0;0;0;0;0;0;0;0;0;0;0;0;0;0
24;JPSP;0,091;0,097;0,108;0,102;0,116;0,138;0,137;0,15;0,171;0,193;0,255;0,246;0,265;0,325;0,338;0,377;0,416;0,471;0,461;0,497;0,569;0,594;0,601;0,662;0,666;0,715;0,73;0,756;0,79;0,815;0,83;0,847;0,875;0,892;0,899;0,914;0,938;0,94;0,955;0,954;0,959;0,975;0,975;0,98;0,986;0,986;0,988;0,99;0,992;0,993;0,995;1;1;1;1;1;1;1;1;1;1;1;1;1;1;1;1;1;1;1;1;1;1;1;1;1;1;1;1;1;1;1;1;1;1;1;1;1;1;1;1;1;1;1;1;1;1;1;1;1
25;JPSP;0,111;0,112;0,114;0,114;0,097;0,103;0,098;0,132;0,107;0,138;0,131;0,141;0,152;0,162;0,172;0,181;0,17;0,211;0,229;0,245;0,239;0,261;0,262;0,294;0,285;0,307;0,347;0,343;0,391;0,397;0,421;0,456;0,448;0,492;0,491;0,523;0,547;0,562;0,597;0,609;0,639;0,657;0,675;0,702;0,711;0,737;0,778;0,768;0,774;0,78;0,828;0,81;0,83;0,855;0,878;0,899;0,9;0,908;0,91;0,925;0,909;0,949;0,957;0,942;0,966;0,968;0,97;0,974;0,98;0,98;0,988;0,989;0,991;0,994;0,992;0,997;1;1;1;1;1;1;1;1;1;1;1;1;1;1;1;1;1;1;1;1;1;1;1;1
26;JPSP;0,105;0,107;0,106;0,116;0,102;0,123;0,144;0,14;0,166;0,158;0,188;0,233;0,218;0,262;0,282;0,314;0,32;0,356;0,353;0,393;0,404;0,409;0,424;0,47;0,528;0,54;0,531;0,563;0,593;0,624;0,646;0,629;0,663;0,686;0,697;0,729;0,722;0,749;0,77;0,756;0,777;0,806;0,82;0,829;0,843;0,862;0,862;0,863;0,892;0,875;0,899;0,894;0,922;0,927;0,916;0,926;0,932;0,938;0,958;0,959;0,958;0,967;0,974;0,962;0,979;0,976;0,977;0,983;0,987;0,985;0,993;0,995;1;1;1;1;1;1;1;1;1;1;1;1;1;1;1;1;1;1;1;1;1;1;1;1;1;1;1;1
27;JPSP;0,122;0,101;0,096;0,106;0,094;0,1;0,114;0,102;0,113;0,118;0,108;0,105;0,104;0,119;0,095;0,107;0,114;0,117;0,1;0,115;0,105;0,121;0,115;0,124;0,147;0,128;0,112;0,124;0,145;0,128;0,148;0,135;0,139;0,15;0,137;0,136;0,179;0,173;0,167;0,161;0,17;0,204;0,196;0,177;0,17;0,218;0,187;0,2;0,205;0,21;0,226;0,249;0,242;0,234;0,274;0,272;0,287;0,265;0,301;0,326;0,318;0,318;0,363;0,37;0,387;0,38;0,404;0,453;0,418;0,485;0,478;0,532;0,533;0,557;0,584;0,574;0,625;0,665;0,676;0,716;0,723;0,753;0,81;0,816;0,845;0,857;0,893;0,918;0,947;0,95;0,98;0,983;0,995;1;1;1;1;1;1;1
28;JPSP;0,092;0,086;0,107;0,112;0,133;0,135;0,152;0,164;0,225;0,212;0,29;0,327;0,326;0,402;0,459;0,509;0,531;0,6;0,656;0,712;0,727;0,778;0,838;0,862;0,876;0,928;0,921;0,955;0,967;0,97;0,976;0,983;0,992;0,996;1;1;1;1;1;1;1;1;1;1;1;1;1;1;1;1;1;1;1;1;1;1;1;1;1;1;1;1;1;1;1;1;1;1;1;1;1;1;1;1;1;1;1;1;1;1;1;1;1;1;1;1;1;1;1;1;1;1;1;1;1;1;1;1;1;1
29;JPSP;0;0;0;0;0;0;0;0;0;0;0;0;0;0;0;0;0;0;0;0;0;0;0;0;0;0;0;0;0;0;0;0;0;0;0;0;0;0;0;0;0;0;0;0;0;0;0;0;0;0;0;0;0;0;0;0;0;0;0;0;0;0;0;0;0;0;0;0;0;0;0;0;0;0;0;0;0;0;0;0;0;0;0;0;0;0;0;0;0;0;0;0;0;0;0;0;0;0;0;0
30;JPSP;0,106;0,11;0,114;0,154;0,215;0,324;0,445;0,566;0,686;0,801;0,91;0,96;0,983;0,991;0,998;1;1;1;1;1;1;1;1;1;1;1;1;1;1;1;1;1;1;1;1;1;1;1;1;1;1;1;1;1;1;1;1;1;1;1;1;1;1;1;1;1;1;1;1;1;1;1;1;1;1;1;1;1;1;1;1;1;1;1;1;1;1;1;1;1;1;1;1;1;1;1;1;1;1;1;1;1;1;1;1;1;1;1;1;1
31;JPSP;0,113;0,082;0,105;0,104;0,127;0,142;0,177;0,182;0,234;0,271;0,329;0,378;0,389;0,459;0,535;0,58;0,619;0,692;0,712;0,757;0,81;0,838;0,868;0,911;0,919;0,918;0,941;0,966;0,968;0,971;0,979;0,985;0,993;0,992;0,995;1;1;1;1;1;1;1;1;1;1;1;1;1;1;1;1;1;1;1;1;1;1;1;1;1;1;1;1;1;1;1;1;1;1;1;1;1;1;1;1;1;1;1;1;1;1;1;1;1;1;1;1;1;1;1;1;1;1;1;1;1;1;1;1;1
32;JPSP;0,095;0,091;0,115;0,118;0,136;0,143;0,175;0,241;0,231;0,31;0,358;0,43;0,476;0,549;0,572;0,664;0,704;0,757;0,782;0,84;0,867;0,909;0,935;0,948;0,946;0,968;0,974;0,98;0,983;0,985;0,997;1;1;1;1;1;1;1;1;1;1;1;1;1;1;1;1;1;1;1;1;1;1;1;1;1;1;1;1;1;1;1;1;1;1;1;1;1;1;1;1;1;1;1;1;1;1;1;1;1;1;1;1;1;1;1;1;1;1;1;1;1;1;1;1;1;1;1;1;1
33;JPSP;0,087;0,107;0,106;0,142;0,155;0,164;0,191;0,243;0,306;0,299;0,394;0,451;0,482;0,545;0,573;0,632;0,662;0,706;0,741;0,755;0,813;0,822;0,848;0,893;0,891;0,906;0,932;0,935;0,951;0,961;0,968;0,975;0,978;0,984;0,989;0,988;0,992;0,993;0,997;1;1;1;1;1;1;1;1;1;1;1;1;1;1;1;1;1;1;1;1;1;1;1;1;1;1;1;1;1;1;1;1;1;1;1;1;1;1;1;1;1;1;1;1;1;1;1;1;1;1;1;1;1;1;1;1;1;1;1;1;1
34;JPSP;0;0;0;0;0;0;0;0;0;0;0;0;0;0;0;0;0;0;0;0;0;0;0;0;0;0;0;0;0;0;0;0;0;0;0;0;0;0;0;0;0;0;0;0;0;0;0;0;0;0;0;0;0;0;0;0;0;0;0;0;0;0;0;0;0;0;0;0;0;0;0;0;0;0;0;0;0;0;0;0;0;0;0;0;0;0;0;0;0;0;0;0;0;0;0;0;0;0;0;0
35;JPSP;0,102;0,108;0,114;0,125;0,13;0,153;0,151;0,184;0,222;0,264;0,301;0,313;0,349;0,42;0,494;0,511;0,574;0,612;0,669;0,698;0,734;0,769;0,819;0,827;0,873;0,868;0,916;0,938;0,942;0,932;0,961;0,965;0,979;0,983;0,99;0,994;0,995;1;1;1;1;1;1;1;1;1;1;1;1;1;1;1;1;1;1;1;1;1;1;1;1;1;1;1;1;1;1;1;1;1;1;1;1;1;1;1;1;1;1;1;1;1;1;1;1;1;1;1;1;1;1;1;1;1;1;1;1;1;1;1
36;JPSP;0,096;0,1;0,091;0,088;0,117;0,09;0,097;0,122;0,137;0,136;0,126;0,149;0,16;0,173;0,179;0,206;0,2;0,194;0,229;0,222;0,264;0,264;0,281;0,304;0,332;0,389;0,371;0,395;0,431;0,462;0,537;0,521;0,54;0,57;0,597;0,619;0,667;0,687;0,733;0,729;0,782;0,806;0,818;0,843;0,858;0,874;0,904;0,905;0,912;0,944;0,951;0,961;0,969;0,971;0,976;0,977;0,985;0,993;0,994;0,991;0,995;1;1;1;1;1;1;1;1;1;1;1;1;1;1;1;1;1;1;1;1;1;1;1;1;1;1;1;1;1;1;1;1;1;1;1;1;1;1;1
37;JPSP;0,106;0,098;0,105;0,112;0,104;0,116;0,12;0,147;0,145;0,144;0,189;0,184;0,193;0,219;0,241;0,227;0,282;0,284;0,299;0,321;0,398;0,385;0,418;0,413;0,435;0,496;0,526;0,523;0,574;0,572;0,629;0,625;0,658;0,662;0,704;0,717;0,759;0,772;0,77;0,802;0,829;0,841;0,834;0,877;0,865;0,882;0,893;0,905;0,911;0,93;0,939;0,929;0,955;0,946;0,959;0,968;0,97;0,98;0,982;0,98;0,99;0,987;0,989;0,99;0,992;0,992;0,994;0,996;1;1;1;1;1;1;1;1;1;1;1;1;1;1;1;1;1;1;1;1;1;1;1;1;1;1;1;1;1;1;1;1
38;JPSP;0;0;0;0;0;0;0;0;0;0;0;0;0;0;0;0;0;0;0;0;0;0;0;0;0;0;0;0;0;0;0;0;0;0;0;0;0;0;0;0;0;0;0;0;0;0;0;0;0;0;0;0;0;0;0;0;0;0;0;0;0;0;0;0;0;0;0;0;0;0;0;0;0;0;0;0;0;0;0;0;0;0;0;0;0;0;0;0;0;0;0;0;0;0;0;0;0;0;0;0
39;JPSP;0;0;0;0;0;0;0;0;0;0;0;0;0;0;0;0;0;0;0;0;0;0;0;0;0;0;0;0;0;0;0;0;0;0;0;0;0;0;0;0;0;0;0;0;0;0;0;0;0;0;0;0;0;0;0;0;0;0;0;0;0;0;0;0;0;0;0;0;0;0;0;0;0;0;0;0;0;0;0;0;0;0;0;0;0;0;0;0;0;0;0;0;0;0;0;0;0;0;0;0
40;JPSP;0,101;0,1;0,093;0,137;0,125;0,128;0,134;0,148;0,211;0,225;0,263;0,302;0,353;0,388;0,422;0,464;0,551;0,567;0,619;0,648;0,677;0,735;0,792;0,815;0,842;0,871;0,887;0,902;0,935;0,938;0,947;0,963;0,972;0,983;0,981;0,987;0,989;0,996;1;1;1;1;1;1;1;1;1;1;1;1;1;1;1;1;1;1;1;1;1;1;1;1;1;1;1;1;1;1;1;1;1;1;1;1;1;1;1;1;1;1;1;1;1;1;1;1;1;1;1;1;1;1;1;1;1;1;1;1;1;1
41;JPSP;0,096;0,109;0,11;0,106;0,105;0,11;0,136;0,149;0,163;0,165;0,193;0,177;0,205;0,225;0,251;0,279;0,301;0,328;0,353;0,402;0,404;0,499;0,478;0,516;0,559;0,565;0,613;0,635;0,69;0,718;0,751;0,744;0,787;0,801;0,833;0,844;0,866;0,889;0,895;0,897;0,919;0,939;0,934;0,954;0,952;0,972;0,978;0,969;0,982;0,989;0,983;0,988;0,994;0,993;0,997;1;1;1;1;1;1;1;1;1;1;1;1;1;1;1;1;1;1;1;1;1;1;1;1;1;1;1;1;1;1;1;1;1;1;1;1;1;1;1;1;1;1;1;1;1
42;JPSP;0,1;0,093;0,099;0,129;0,148;0,179;0,231;0,259;0,279;0,401;0,438;0,518;0,604;0,692;0,768;0,813;0,876;0,919;0,944;0,96;0,983;0,988;0,992;0,992;0,996;1;1;1;1;1;1;1;1;1;1;1;1;1;1;1;1;1;1;1;1;1;1;1;1;1;1;1;1;1;1;1;1;1;1;1;1;1;1;1;1;1;1;1;1;1;1;1;1;1;1;1;1;1;1;1;1;1;1;1;1;1;1;1;1;1;1;1;1;1;1;1;1;1;1;1
43;JPSP;0,099;0,102;0,104;0,077;0,095;0,097;0,105;0,112;0,119;0,111;0,133;0,135;0,129;0,128;0,134;0,156;0,161;0,157;0,16;0,154;0,173;0,157;0,187;0,169;0,196;0,189;0,211;0,213;0,224;0,262;0,258;0,252;0,284;0,281;0,292;0,296;0,302;0,332;0,334;0,35;0,325;0,387;0,363;0,399;0,407;0,446;0,426;0,46;0,467;0,491;0,497;0,522;0,497;0,542;0,545;0,568;0,573;0,594;0,62;0,619;0,624;0,647;0,654;0,692;0,694;0,699;0,742;0,765;0,744;0,73;0,802;0,815;0,815;0,822;0,855;0,882;0,867;0,876;0,894;0,89;0,913;0,933;0,944;0,957;0,952;0,968;0,98;0,969;0,986;0,992;0,995;1;1;1;1;1;1;1;1;1
44;JPSP;0,106;0,098;0,118;0,106;0,135;0,151;0,17;0,226;0,235;0,289;0,328;0,403;0,445;0,493;0,575;0,604;0,692;0,712;0,783;0,854;0,879;0,91;0,937;0,957;0,949;0,969;0,983;0,989;0,994;0,995;1;1;1;1;1;1;1;1;1;1;1;1;1;1;1;1;1;1;1;1;1;1;1;1;1;1;1;1;1;1;1;1;1;1;1;1;1;1;1;1;1;1;1;1;1;1;1;1;1;1;1;1;1;1;1;1;1;1;1;1;1;1;1;1;1;1;1;1;1;1
45;JPSP;0,093;0,103;0,098;0,107;0,111;0,122;0,115;0,114;0,122;0,128;0,133;0,152;0,184;0,173;0,172;0,168;0,202;0,232;0,226;0,271;0,279;0,291;0,286;0,334;0,354;0,345;0,391;0,401;0,441;0,423;0,463;0,505;0,489;0,562;0,548;0,546;0,597;0,614;0,635;0,644;0,701;0,702;0,736;0,727;0,767;0,779;0,808;0,804;0,826;0,85;0,845;0,856;0,876;0,893;0,895;0,932;0,915;0,935;0,943;0,951;0,946;0,953;0,981;0,967;0,974;0,988;0,977;0,983;0,979;0,986;0,995;1;1;1;1;1;1;1;1;1;1;1;1;1;1;1;1;1;1;1;1;1;1;1;1;1;1;1;1;1
46;JPSP;0,099;0,116;0,111;0,1;0,094;0,109;0,117;0,127;0,138;0,15;0,144;0,168;0,181;0,207;0,22;0,234;0,236;0,274;0,286;0,323;0,357;0,401;0,396;0,435;0,46;0,498;0,523;0,56;0,635;0,66;0,698;0,704;0,73;0,754;0,765;0,828;0,84;0,853;0,894;0,921;0,934;0,949;0,952;0,958;0,97;0,971;0,979;0,982;0,99;0,989;0,994;0,999;1;1;1;1;1;1;1;1;1;1;1;1;1;1;1;1;1;1;1;1;1;1;1;1;1;1;1;1;1;1;1;1;1;1;1;1;1;1;1;1;1;1;1;1;1;1;1;1
47;JPSP;0,109;0,099;0,127;0,1;0,136;0,144;0,166;0,215;0,237;0,31;0,309;0,365;0,395;0,434;0,496;0,543;0,579;0,612;0,655;0,664;0,711;0,734;0,782;0,802;0,826;0,85;0,867;0,88;0,899;0,914;0,923;0,938;0,946;0,955;0,967;0,967;0,978;0,979;0,985;0,99;0,992;0,992;0,992;0,987;0,996;1;1;1;1;1;1;1;1;1;1;1;1;1;1;1;1;1;1;1;1;1;1;1;1;1;1;1;1;1;1;1;1;1;1;1;1;1;1;1;1;1;1;1;1;1;1;1;1;1;1;1;1;1;1;1
48;JPSP;0,113;0,11;0,087;0,101;0,109;0,103;0,136;0,123;0,144;0,164;0,2;0,183;0,196;0,226;0,257;0,283;0,262;0,293;0,305;0,368;0,357;0,375;0,425;0,445;0,458;0,465;0,501;0,533;0,512;0,563;0,59;0,595;0,591;0,653;0,634;0,656;0,679;0,686;0,693;0,714;0,744;0,755;0,78;0,777;0,798;0,854;0,817;0,847;0,846;0,852;0,888;0,88;0,908;0,885;0,905;0,915;0,912;0,922;0,936;0,933;0,939;0,956;0,946;0,958;0,965;0,965;0,971;0,967;0,977;0,981;0,981;0,981;0,986;0,992;0,988;0,993;0,99;0,997;1;1;1;1;1;1;1;1;1;1;1;1;1;1;1;1;1;1;1;1;1;1
49;JPSP;0,103;0,082;0,098;0,113;0,108;0,132;0,128;0,153;0,182;0,172;0,185;0,238;0,227;0,269;0,302;0,303;0,353;0,375;0,394;0,417;0,437;0,502;0,548;0,553;0,554;0,598;0,658;0,654;0,699;0,703;0,739;0,747;0,76;0,793;0,799;0,816;0,847;0,869;0,858;0,903;0,899;0,914;0,915;0,928;0,94;0,949;0,941;0,96;0,959;0,97;0,979;0,975;0,983;0,987;0,981;0,991;0,992;0,988;0,995;1;1;1;1;1;1;1;1;1;1;1;1;1;1;1;1;1;1;1;1;1;1;1;1;1;1;1;1;1;1;1;1;1;1;1;1;1;1;1;1;1
50;JPSP;0;0;0;0;0;0;0;0;0;0;0;0;0;0;0;0;0;0;0;0;0;0;0;0;0;0;0;0;0;0;0;0;0;0;0;0;0;0;0;0;0;0;0;0;0;0;0;0;0;0;0;0;0;0;0;0;0;0;0;0;0;0;0;0;0;0;0;0;0;0;0;0;0;0;0;0;0;0;0;0;0;0;0;0;0;0;0;0;0;0;0;0;0;0;0;0;0;0;0;0
51;JPSP;0;0;0;0;0;0;0;0;0;0;0;0;0;0;0;0;0;0;0;0;0;0;0;0;0;0;0;0;0;0;0;0;0;0;0;0;0;0;0;0;0;0;0;0;0;0;0;0;0;0;0;0;0;0;0;0;0;0;0;0;0;0;0;0;0;0;0;0;0;0;0;0;0;0;0;0;0;0;0;0;0;0;0;0;0;0;0;0;0;0;0;0;0;0;0;0;0;0;0;0
52;JPSP;0;0;0;0;0;0;0;0;0;0;0;0;0;0;0;0;0;0;0;0;0;0;0;0;0;0;0;0;0;0;0;0;0;0;0;0;0;0;0;0;0;0;0;0;0;0;0;0;0;0;0;0;0;0;0;0;0;0;0;0;0;0;0;0;0;0;0;0;0;0;0;0;0;0;0;0;0;0;0;0;0;0;0;0;0;0;0;0;0;0;0;0;0;0;0;0;0;0;0;0
53;JPSP;0,109;0,116;0,123;0,119;0,15;0,154;0,172;0,186;0,241;0,274;0,273;0,334;0,372;0,389;0,438;0,469;0,495;0,5;0,534;0,575;0,614;0,667;0,657;0,679;0,698;0,719;0,756;0,762;0,756;0,791;0,79;0,817;0,844;0,861;0,877;0,854;0,888;0,912;0,915;0,925;0,931;0,918;0,934;0,94;0,941;0,951;0,963;0,972;0,966;0,971;0,979;0,98;0,98;0,986;0,983;0,985;0,985;0,987;0,995;1;1;1;1;1;1;1;1;1;1;1;1;1;1;1;1;1;1;1;1;1;1;1;1;1;1;1;1;1;1;1;1;1;1;1;1;1;1;1;1;1
54;JPSP;0,088;0,077;0,089;0,102;0,106;0,098;0,111;0,127;0,107;0,116;0,119;0,116;0,11;0,126;0,138;0,129;0,143;0,142;0,134;0,146;0,157;0,193;0,178;0,181;0,195;0,194;0,212;0,213;0,234;0,236;0,232;0,264;0,282;0,256;0,289;0,305;0,284;0,319;0,329;0,342;0,367;0,368;0,4;0,377;0,366;0,449;0,443;0,476;0,457;0,463;0,502;0,499;0,543;0,5;0,557;0,58;0,573;0,579;0,636;0,646;0,646;0,672;0,674;0,669;0,714;0,719;0,737;0,77;0,777;0,779;0,822;0,81;0,826;0,834;0,861;0,882;0,901;0,889;0,923;0,925;0,94;0,944;0,951;0,958;0,967;0,978;0,988;0,981;0,986;0,997;1;1;1;1;1;1;1;1;1;1
55;JPSP;0,091;0,121;0,118;0,114;0,126;0,129;0,163;0,179;0,208;0,231;0,302;0,349;0,407;0,436;0,504;0,548;0,626;0,663;0,72;0,788;0,811;0,853;0,883;0,923;0,933;0,961;0,971;0,973;0,985;0,992;0,993;0,995;1;1;1;1;1;1;1;1;1;1;1;1;1;1;1;1;1;1;1;1;1;1;1;1;1;1;1;1;1;1;1;1;1;1;1;1;1;1;1;1;1;1;1;1;1;1;1;1;1;1;1;1;1;1;1;1;1;1;1;1;1;1;1;1;1;1;1;1
56;JPSP;0;0;0;0;0;0;0;0;0;0;0;0;0;0;0;0;0;0;0;0;0;0;0;0;0;0;0;0;0;0;0;0;0;0;0;0;0;0;0;0;0;0;0;0;0;0;0;0;0;0;0;0;0;0;0;0;0;0;0;0;0;0;0;0;0;0;0;0;0;0;0;0;0;0;0;0;0;0;0;0;0;0;0;0;0;0;0;0;0;0;0;0;0;0;0;0;0;0;0;0
57;JPSP;0,109;0,101;0,132;0,186;0,214;0,326;0,379;0,445;0,589;0,633;0,73;0,775;0,851;0,894;0,889;0,936;0,948;0,969;0,962;0,985;0,992;0,993;0,997;1;1;1;1;1;1;1;1;1;1;1;1;1;1;1;1;1;1;1;1;1;1;1;1;1;1;1;1;1;1;1;1;1;1;1;1;1;1;1;1;1;1;1;1;1;1;1;1;1;1;1;1;1;1;1;1;1;1;1;1;1;1;1;1;1;1;1;1;1;1;1;1;1;1;1;1;1
58;JPSP;0;0;0;0;0;0;0;0;0;0;0;0;0;0;0;0;0;0;0;0;0;0;0;0;0;0;0;0;0;0;0;0;0;0;0;0;0;0;0;0;0;0;0;0;0;0;0;0;0;0;0;0;0;0;0;0;0;0;0;0;0;0;0;0;0;0;0;0;0;0;0;0;0;0;0;0;0;0;0;0;0;0;0;0;0;0;0;0;0;0;0;0;0;0;0;0;0;0;0;0
59;JPSP;0,078;0,101;0,098;0,126;0,131;0,116;0,199;0,256;0,276;0,325;0,405;0,457;0,507;0,596;0,653;0,713;0,78;0,828;0,886;0,929;0,937;0,968;0,981;0,983;0,986;0,993;0,999;1;1;1;1;1;1;1;1;1;1;1;1;1;1;1;1;1;1;1;1;1;1;1;1;1;1;1;1;1;1;1;1;1;1;1;1;1;1;1;1;1;1;1;1;1;1;1;1;1;1;1;1;1;1;1;1;1;1;1;1;1;1;1;1;1;1;1;1;1;1;1;1;1
60;JPSP;0,086;0,096;0,108;0,11;0,12;0,179;0,174;0,171;0,194;0,25;0,27;0,265;0,363;0,367;0,391;0,432;0,454;0,501;0,486;0,562;0,568;0,61;0,651;0,651;0,697;0,662;0,709;0,739;0,762;0,794;0,814;0,821;0,838;0,853;0,85;0,861;0,873;0,894;0,899;0,901;0,92;0,939;0,93;0,951;0,95;0,959;0,964;0,96;0,973;0,973;0,979;0,966;0,974;0,973;0,988;0,98;0,99;0,99;0,996;1;1;1;1;1;1;1;1;1;1;1;1;1;1;1;1;1;1;1;1;1;1;1;1;1;1;1;1;1;1;1;1;1;1;1;1;1;1;1;1;1
61;JPSP;0,1;0,091;0,11;0,114;0,12;0,169;0,148;0,164;0,203;0,21;0,247;0,289;0,309;0,358;0,361;0,383;0,406;0,455;0,472;0,506;0,539;0,565;0,581;0,621;0,638;0,65;0,697;0,697;0,739;0,746;0,741;0,781;0,788;0,819;0,821;0,837;0,839;0,872;0,885;0,884;0,895;0,889;0,908;0,928;0,938;0,927;0,938;0,936;0,947;0,953;0,973;0,958;0,969;0,971;0,98;0,982;0,982;0,982;0,984;0,984;0,99;0,994;0,995;1;1;1;1;1;1;1;1;1;1;1;1;1;1;1;1;1;1;1;1;1;1;1;1;1;1;1;1;1;1;1;1;1;1;1;1;1
62;JPSP;0,108;0,099;0,121;0,14;0,159;0,199;0,229;0,272;0,366;0,389;0,49;0,506;0,581;0,667;0,7;0,748;0,813;0,844;0,855;0,899;0,913;0,935;0,955;0,962;0,967;0,973;0,979;0,991;0,989;0,993;0,998;1;1;1;1;1;1;1;1;1;1;1;1;1;1;1;1;1;1;1;1;1;1;1;1;1;1;1;1;1;1;1;1;1;1;1;1;1;1;1;1;1;1;1;1;1;1;1;1;1;1;1;1;1;1;1;1;1;1;1;1;1;1;1;1;1;1;1;1;1
63;JPSP;0,095;0,112;0,106;0,113;0,117;0,145;0,176;0,185;0,208;0,251;0,278;0,302;0,328;0,409;0,446;0,477;0,48;0,533;0,586;0,6;0,649;0,659;0,723;0,744;0,759;0,797;0,846;0,818;0,867;0,866;0,862;0,918;0,921;0,929;0,946;0,948;0,956;0,96;0,962;0,973;0,979;0,979;0,992;0,981;0,988;0,991;0,99;0,997;1;1;1;1;1;1;1;1;1;1;1;1;1;1;1;1;1;1;1;1;1;1;1;1;1;1;1;1;1;1;1;1;1;1;1;1;1;1;1;1;1;1;1;1;1;1;1;1;1;1;1;1
64;JPSP;0;0;0;0;0;0;0;0;0;0;0;0;0;0;0;0;0;0;0;0;0;0;0;0;0;0;0;0;0;0;0;0;0;0;0;0;0;0;0;0;0;0;0;0;0;0;0;0;0;0;0;0;0;0;0;0;0;0;0;0;0;0;0;0;0;0;0;0;0;0;0;0;0;0;0;0;0;0;0;0;0;0;0;0;0;0;0;0;0;0;0;0;0;0;0;0;0;0;0;0
65;JPSP;0;0;0;0;0;0;0;0;0;0;0;0;0;0;0;0;0;0;0;0;0;0;0;0;0;0;0;0;0;0;0;0;0;0;0;0;0;0;0;0;0;0;0;0;0;0;0;0;0;0;0;0;0;0;0;0;0;0;0;0;0;0;0;0;0;0;0;0;0;0;0;0;0;0;0;0;0;0;0;0;0;0;0;0;0;0;0;0;0;0;0;0;0;0;0;0;0;0;0;0
66;JPSP;0,108;0,088;0,12;0,142;0,136;0,191;0,247;0,298;0,337;0,41;0,473;0,555;0,585;0,687;0,739;0,775;0,836;0,887;0,907;0,929;0,937;0,972;0,983;0,988;0,994;0,992;0,995;1;1;1;1;1;1;1;1;1;1;1;1;1;1;1;1;1;1;1;1;1;1;1;1;1;1;1;1;1;1;1;1;1;1;1;1;1;1;1;1;1;1;1;1;1;1;1;1;1;1;1;1;1;1;1;1;1;1;1;1;1;1;1;1;1;1;1;1;1;1;1;1;1
67;JPSP;0;0;0;0;0;0;0;0;0;0;0;0;0;0;0;0;0;0;0;0;0;0;0;0;0;0;0;0;0;0;0;0;0;0;0;0;0;0;0;0;0;0;0;0;0;0;0;0;0;0;0;0;0;0;0;0;0;0;0;0;0;0;0;0;0;0;0;0;0;0;0;0;0;0;0;0;0;0;0;0;0;0;0;0;0;0;0;0;0;0;0;0;0;0;0;0;0;0;0;0
68;JPSP;0,088;0,1;0,098;0,107;0,117;0,128;0,106;0,121;0,143;0,149;0,148;0,175;0,15;0,195;0,194;0,232;0,246;0,246;0,279;0,307;0,302;0,339;0,38;0,375;0,4;0,397;0,451;0,469;0,483;0,527;0,5;0,568;0,572;0,617;0,607;0,666;0,701;0,688;0,69;0,749;0,746;0,761;0,758;0,793;0,809;0,823;0,856;0,869;0,887;0,904;0,895;0,91;0,908;0,929;0,931;0,942;0,947;0,954;0,959;0,974;0,974;0,973;0,982;0,977;0,984;0,984;0,989;0,982;0,999;1;1;1;1;1;1;1;1;1;1;1;1;1;1;1;1;1;1;1;1;1;1;1;1;1;1;1;1;1;1;1
69;JPSP;0;0;0;0;0;0;0;0;0;0;0;0;0;0;0;0;0;0;0;0;0;0;0;0;0;0;0;0;0;0;0;0;0;0;0;0;0;0;0;0;0;0;0;0;0;0;0;0;0;0;0;0;0;0;0;0;0;0;0;0;0;0;0;0;0;0;0;0;0;0;0;0;0;0;0;0;0;0;0;0;0;0;0;0;0;0;0;0;0;0;0;0;0;0;0;0;0;0;0;0
70;JPSP;0;0;0;0;0;0;0;0;0;0;0;0;0;0;0;0;0;0;0;0;0;0;0;0;0;0;0;0;0;0;0;0;0;0;0;0;0;0;0;0;0;0;0;0;0;0;0;0;0;0;0;0;0;0;0;0;0;0;0;0;0;0;0;0;0;0;0;0;0;0;0;0;0;0;0;0;0;0;0;0;0;0;0;0;0;0;0;0;0;0;0;0;0;0;0;0;0;0;0;0
71;JPSP;0,096;0,111;0,1;0,112;0,125;0,146;0,151;0,162;0,218;0,25;0,307;0,354;0,356;0,431;0,485;0,519;0,611;0,688;0,742;0,804;0,828;0,851;0,877;0,926;0,947;0,96;0,988;0,982;0,993;0,995;1;1;1;1;1;1;1;1;1;1;1;1;1;1;1;1;1;1;1;1;1;1;1;1;1;1;1;1;1;1;1;1;1;1;1;1;1;1;1;1;1;1;1;1;1;1;1;1;1;1;1;1;1;1;1;1;1;1;1;1;1;1;1;1;1;1;1;1;1;1
72;JPSP;0,114;0,098;0,103;0,118;0,1;0,127;0,14;0,151;0,151;0,14;0,189;0,181;0,192;0,238;0,248;0,282;0,289;0,309;0,337;0,339;0,39;0,411;0,426;0,48;0,503;0,499;0,55;0,556;0,624;0,621;0,674;0,689;0,7;0,714;0,746;0,76;0,774;0,813;0,811;0,814;0,833;0,851;0,884;0,892;0,89;0,905;0,904;0,925;0,93;0,938;0,949;0,96;0,952;0,961;0,975;0,971;0,982;0,983;0,987;0,988;0,99;0,99;0,99;0,999;1;1;1;1;1;1;1;1;1;1;1;1;1;1;1;1;1;1;1;1;1;1;1;1;1;1;1;1;1;1;1;1;1;1;1;1
73;JPSP;0,093;0,098;0,112;0,115;0,115;0,125;0,153;0,138;0,167;0,192;0,199;0,23;0,263;0,299;0,341;0,326;0,383;0,453;0,493;0,526;0,545;0,601;0,634;0,657;0,709;0,76;0,781;0,815;0,846;0,857;0,878;0,913;0,916;0,924;0,955;0,952;0,96;0,975;0,966;0,98;0,989;0,994;0,991;0,994;0,995;1;1;1;1;1;1;1;1;1;1;1;1;1;1;1;1;1;1;1;1;1;1;1;1;1;1;1;1;1;1;1;1;1;1;1;1;1;1;1;1;1;1;1;1;1;1;1;1;1;1;1;1;1;1;1
74;JPSP;0,094;0,083;0,097;0,112;0,128;0,125;0,137;0,161;0,193;0,199;0,233;0,233;0,284;0,345;0,366;0,393;0,437;0,483;0,538;0,597;0,6;0,649;0,669;0,738;0,774;0,81;0,842;0,858;0,887;0,901;0,932;0,938;0,95;0,959;0,976;0,966;0,977;0,983;0,997;1;1;1;1;1;1;1;1;1;1;1;1;1;1;1;1;1;1;1;1;1;1;1;1;1;1;1;1;1;1;1;1;1;1;1;1;1;1;1;1;1;1;1;1;1;1;1;1;1;1;1;1;1;1;1;1;1;1;1;1;1
75;JPSP;0,103;0,104;0,098;0,123;0,124;0,127;0,144;0,175;0,16;0,218;0,243;0,252;0,305;0,354;0,419;0,455;0,559;0,574;0,65;0,687;0,754;0,787;0,857;0,891;0,903;0,931;0,951;0,969;0,977;0,986;0,994;0,99;0,997;1;1;1;1;1;1;1;1;1;1;1;1;1;1;1;1;1;1;1;1;1;1;1;1;1;1;1;1;1;1;1;1;1;1;1;1;1;1;1;1;1;1;1;1;1;1;1;1;1;1;1;1;1;1;1;1;1;1;1;1;1;1;1;1;1;1;1
76;JPSP;0;0;0;0;0;0;0;0;0;0;0;0;0;0;0;0;0;0;0;0;0;0;0;0;0;0;0;0;0;0;0;0;0;0;0;0;0;0;0;0;0;0;0;0;0;0;0;0;0;0;0;0;0;0;0;0;0;0;0;0;0;0;0;0;0;0;0;0;0;0;0;0;0;0;0;0;0;0;0;0;0;0;0;0;0;0;0;0;0;0;0;0;0;0;0;0;0;0;0;0
77;JPSP;0,113;0,113;0,093;0,124;0,134;0,138;0,144;0,166;0,233;0,234;0,259;0,285;0,347;0,366;0,427;0,473;0,554;0,588;0,63;0,681;0,712;0,739;0,814;0,865;0,862;0,901;0,925;0,946;0,957;0,958;0,978;0,975;0,987;0,993;0,993;0,998;1;1;1;1;1;1;1;1;1;1;1;1;1;1;1;1;1;1;1;1;1;1;1;1;1;1;1;1;1;1;1;1;1;1;1;1;1;1;1;1;1;1;1;1;1;1;1;1;1;1;1;1;1;1;1;1;1;1;1;1;1;1;1;1
78;JPSP;0,113;0,11;0,115;0,112;0,123;0,124;0,154;0,167;0,182;0,21;0,256;0,283;0,31;0,36;0,378;0,433;0,496;0,542;0,564;0,622;0,681;0,706;0,76;0,77;0,825;0,838;0,882;0,898;0,907;0,919;0,938;0,956;0,968;0,976;0,991;0,987;0,994;0,989;0,993;0,993;0,997;1;1;1;1;1;1;1;1;1;1;1;1;1;1;1;1;1;1;1;1;1;1;1;1;1;1;1;1;1;1;1;1;1;1;1;1;1;1;1;1;1;1;1;1;1;1;1;1;1;1;1;1;1;1;1;1;1;1;1
79;JPSP;0,106;0,104;0,107;0,118;0,133;0,148;0,135;0,168;0,159;0,21;0,228;0,277;0,308;0,325;0,377;0,408;0,454;0,535;0,573;0,656;0,648;0,724;0,749;0,814;0,827;0,869;0,91;0,922;0,937;0,951;0,962;0,976;0,987;0,993;0,988;0,994;0,995;1;1;1;1;1;1;1;1;1;1;1;1;1;1;1;1;1;1;1;1;1;1;1;1;1;1;1;1;1;1;1;1;1;1;1;1;1;1;1;1;1;1;1;1;1;1;1;1;1;1;1;1;1;1;1;1;1;1;1;1;1;1;1
80;JPSP;0,094;0,091;0,098;0,097;0,135;0,126;0,132;0,138;0,178;0,17;0,223;0,219;0,244;0,33;0,323;0,351;0,386;0,439;0,466;0,513;0,512;0,561;0,637;0,663;0,683;0,726;0,751;0,808;0,823;0,836;0,859;0,877;0,907;0,94;0,938;0,958;0,951;0,963;0,969;0,977;0,986;0,992;0,991;0,994;0,997;1;1;1;1;1;1;1;1;1;1;1;1;1;1;1;1;1;1;1;1;1;1;1;1;1;1;1;1;1;1;1;1;1;1;1;1;1;1;1;1;1;1;1;1;1;1;1;1;1;1;1;1;1;1;1
81;JPSP;0,108;0,098;0,124;0,113;0,152;0,176;0,229;0,283;0,371;0,408;0,482;0,573;0,657;0,737;0,791;0,861;0,913;0,941;0,971;0,974;0,988;0,994;0,999;1;1;1;1;1;1;1;1;1;1;1;1;1;1;1;1;1;1;1;1;1;1;1;1;1;1;1;1;1;1;1;1;1;1;1;1;1;1;1;1;1;1;1;1;1;1;1;1;1;1;1;1;1;1;1;1;1;1;1;1;1;1;1;1;1;1;1;1;1;1;1;1;1;1;1;1;1
82;JPSP;0,093;0,102;0,118;0,133;0,16;0,174;0,195;0,257;0,273;0,312;0,36;0,433;0,437;0,462;0,527;0,563;0,573;0,606;0,609;0,67;0,707;0,757;0,735;0,767;0,825;0,806;0,818;0,859;0,877;0,875;0,885;0,903;0,914;0,905;0,933;0,932;0,937;0,959;0,96;0,962;0,962;0,97;0,968;0,98;0,981;0,975;0,987;0,982;0,989;0,987;0,981;0,993;0,997;1;1;1;1;1;1;1;1;1;1;1;1;1;1;1;1;1;1;1;1;1;1;1;1;1;1;1;1;1;1;1;1;1;1;1;1;1;1;1;1;1;1;1;1;1;1;1
83;JPSP;0,105;0,1;0,11;0,112;0,153;0,186;0,223;0,268;0,335;0,41;0,496;0,576;0,663;0,749;0,799;0,857;0,899;0,926;0,964;0,968;0,986;0,994;0,992;1;1;1;1;1;1;1;1;1;1;1;1;1;1;1;1;1;1;1;1;1;1;1;1;1;1;1;1;1;1;1;1;1;1;1;1;1;1;1;1;1;1;1;1;1;1;1;1;1;1;1;1;1;1;1;1;1;1;1;1;1;1;1;1;1;1;1;1;1;1;1;1;1;1;1;1;1
84;JPSP;0,092;0,105;0,102;0,119;0,133;0,154;0,197;0,223;0,243;0,294;0,3;0,41;0,43;0,509;0,519;0,603;0,662;0,692;0,736;0,801;0,832;0,889;0,906;0,934;0,927;0,952;0,97;0,977;0,984;0,983;0,997;1;1;1;1;1;1;1;1;1;1;1;1;1;1;1;1;1;1;1;1;1;1;1;1;1;1;1;1;1;1;1;1;1;1;1;1;1;1;1;1;1;1;1;1;1;1;1;1;1;1;1;1;1;1;1;1;1;1;1;1;1;1;1;1;1;1;1;1;1
85;JPSP;0,131;0,092;0,092;0,103;0,081;0,09;0,101;0,096;0,115;0,116;0,119;0,128;0,123;0,133;0,154;0,168;0,167;0,182;0,217;0,222;0,201;0,221;0,247;0,293;0,298;0,312;0,331;0,379;0,376;0,423;0,449;0,492;0,501;0,555;0,565;0,627;0,62;0,646;0,695;0,727;0,746;0,753;0,82;0,822;0,867;0,871;0,896;0,916;0,927;0,916;0,955;0,955;0,976;0,973;0,982;0,988;0,995;1;1;1;1;1;1;1;1;1;1;1;1;1;1;1;1;1;1;1;1;1;1;1;1;1;1;1;1;1;1;1;1;1;1;1;1;1;1;1;1;1;1;1
86;JPSP;0,111;0,094;0,106;0,105;0,112;0,144;0,132;0,187;0,173;0,216;0,248;0,316;0,346;0,369;0,402;0,45;0,508;0,611;0,623;0,656;0,75;0,774;0,84;0,865;0,879;0,92;0,947;0,964;0,968;0,978;0,982;0,983;0,995;1;1;1;1;1;1;1;1;1;1;1;1;1;1;1;1;1;1;1;1;1;1;1;1;1;1;1;1;1;1;1;1;1;1;1;1;1;1;1;1;1;1;1;1;1;1;1;1;1;1;1;1;1;1;1;1;1;1;1;1;1;1;1;1;1;1;1
87;JPSP;0,099;0,108;0,117;0,133;0,114;0,156;0,165;0,226;0,256;0,288;0,395;0,419;0,487;0,52;0,601;0,645;0,732;0,788;0,827;0,904;0,906;0,928;0,946;0,969;0,972;0,988;0,993;0,991;0,998;1;1;1;1;1;1;1;1;1;1;1;1;1;1;1;1;1;1;1;1;1;1;1;1;1;1;1;1;1;1;1;1;1;1;1;1;1;1;1;1;1;1;1;1;1;1;1;1;1;1;1;1;1;1;1;1;1;1;1;1;1;1;1;1;1;1;1;1;1;1;1
88;JPSP;0,104;0,112;0,086;0,152;0,151;0,199;0,268;0,372;0,453;0,512;0,607;0,727;0,803;0,872;0,921;0,957;0,964;0,974;0,994;0,994;0,998;1;1;1;1;1;1;1;1;1;1;1;1;1;1;1;1;1;1;1;1;1;1;1;1;1;1;1;1;1;1;1;1;1;1;1;1;1;1;1;1;1;1;1;1;1;1;1;1;1;1;1;1;1;1;1;1;1;1;1;1;1;1;1;1;1;1;1;1;1;1;1;1;1;1;1;1;1;1;1
89;JPSP;0;0;0;0;0;0;0;0;0;0;0;0;0;0;0;0;0;0;0;0;0;0;0;0;0;0;0;0;0;0;0;0;0;0;0;0;0;0;0;0;0;0;0;0;0;0;0;0;0;0;0;0;0;0;0;0;0;0;0;0;0;0;0;0;0;0;0;0;0;0;0;0;0;0;0;0;0;0;0;0;0;0;0;0;0;0;0;0;0;0;0;0;0;0;0;0;0;0;0;0
90;JPSP;0,09;0,091;0,139;0,192;0,278;0,417;0,546;0,656;0,792;0,865;0,923;0,976;0,981;0,991;0,997;1;1;1;1;1;1;1;1;1;1;1;1;1;1;1;1;1;1;1;1;1;1;1;1;1;1;1;1;1;1;1;1;1;1;1;1;1;1;1;1;1;1;1;1;1;1;1;1;1;1;1;1;1;1;1;1;1;1;1;1;1;1;1;1;1;1;1;1;1;1;1;1;1;1;1;1;1;1;1;1;1;1;1;1;1
91;JPSP;0,093;0,11;0,099;0,104;0,137;0,129;0,126;0,139;0,185;0,195;0,197;0,242;0,276;0,284;0,315;0,354;0,365;0,38;0,416;0,47;0,458;0,504;0,531;0,557;0,586;0,604;0,645;0,678;0,725;0,729;0,755;0,794;0,802;0,821;0,829;0,838;0,887;0,89;0,885;0,916;0,932;0,919;0,927;0,949;0,951;0,961;0,971;0,966;0,973;0,973;0,984;0,989;0,991;0,992;0,992;0,992;0,993;0,989;0,997;1;1;1;1;1;1;1;1;1;1;1;1;1;1;1;1;1;1;1;1;1;1;1;1;1;1;1;1;1;1;1;1;1;1;1;1;1;1;1;1;1
92;JPSP;0,097;0,081;0,106;0,097;0,103;0,116;0,128;0,148;0,153;0,154;0,162;0,2;0,218;0,252;0,244;0,272;0,266;0,337;0,364;0,351;0,378;0,431;0,468;0,486;0,506;0,557;0,56;0,609;0,644;0,64;0,684;0,72;0,734;0,774;0,791;0,803;0,816;0,843;0,842;0,899;0,888;0,888;0,925;0,938;0,931;0,938;0,956;0,949;0,96;0,971;0,976;0,981;0,977;0,987;0,991;0,993;0,996;1;1;1;1;1;1;1;1;1;1;1;1;1;1;1;1;1;1;1;1;1;1;1;1;1;1;1;1;1;1;1;1;1;1;1;1;1;1;1;1;1;1;1
93;JPSP;0,11;0,085;0,103;0,107;0,115;0,108;0,097;0,11;0,106;0,117;0,163;0,125;0,131;0,158;0,147;0,165;0,19;0,201;0,214;0,201;0,242;0,252;0,283;0,248;0,293;0,276;0,321;0,325;0,363;0,371;0,396;0,403;0,441;0,453;0,454;0,486;0,502;0,518;0,55;0,557;0,581;0,607;0,627;0,654;0,664;0,665;0,678;0,72;0,732;0,743;0,756;0,771;0,804;0,793;0,819;0,847;0,866;0,865;0,878;0,887;0,897;0,92;0,914;0,929;0,929;0,95;0,946;0,96;0,962;0,973;0,977;0,983;0,992;0,987;0,986;0,993;0,991;0,992;0,998;1;1;1;1;1;1;1;1;1;1;1;1;1;1;1;1;1;1;1;1;1
94;JPSP;0,1;0,121;0,119;0,1;0,12;0,157;0,151;0,185;0,198;0,253;0,272;0,303;0,325;0,383;0,388;0,461;0,478;0,482;0,56;0,603;0,623;0,662;0,716;0,752;0,758;0,774;0,798;0,823;0,831;0,847;0,855;0,887;0,899;0,91;0,924;0,943;0,945;0,95;0,965;0,968;0,974;0,975;0,983;0,985;0,977;0,986;0,992;0,992;0,993;0,996;1;1;1;1;1;1;1;1;1;1;1;1;1;1;1;1;1;1;1;1;1;1;1;1;1;1;1;1;1;1;1;1;1;1;1;1;1;1;1;1;1;1;1;1;1;1;1;1;1;1
95;JPSP;0;0;0;0;0;0;0;0;0;0;0;0;0;0;0;0;0;0;0;0;0;0;0;0;0;0;0;0;0;0;0;0;0;0;0;0;0;0;0;0;0;0;0;0;0;0;0;0;0;0;0;0;0;0;0;0;0;0;0;0;0;0;0;0;0;0;0;0;0;0;0;0;0;0;0;0;0;0;0;0;0;0;0;0;0;0;0;0;0;0;0;0;0;0;0;0;0;0;0;0
96;JPSP;0,092;0,106;0,106;0,106;0,125;0,152;0,148;0,217;0,223;0,245;0,303;0,311;0,367;0,433;0,512;0,523;0,581;0,609;0,65;0,716;0,783;0,813;0,829;0,86;0,881;0,904;0,936;0,941;0,963;0,973;0,975;0,982;0,992;0,985;0,991;0,996;1;1;1;1;1;1;1;1;1;1;1;1;1;1;1;1;1;1;1;1;1;1;1;1;1;1;1;1;1;1;1;1;1;1;1;1;1;1;1;1;1;1;1;1;1;1;1;1;1;1;1;1;1;1;1;1;1;1;1;1;1;1;1;1
97;JPSP;0,094;0,106;0,088;0,117;0,126;0,123;0,118;0,149;0,18;0,2;0,237;0,251;0,282;0,293;0,336;0,355;0,39;0,448;0,465;0,502;0,566;0,594;0,639;0,651;0,704;0,706;0,752;0,781;0,828;0,84;0,841;0,887;0,904;0,914;0,908;0,942;0,956;0,964;0,966;0,978;0,971;0,981;0,991;0,986;0,989;0,996;1;1;1;1;1;1;1;1;1;1;1;1;1;1;1;1;1;1;1;1;1;1;1;1;1;1;1;1;1;1;1;1;1;1;1;1;1;1;1;1;1;1;1;1;1;1;1;1;1;1;1;1;1;1
98;JPSP;0,097;0,1;0,114;0,117;0,117;0,136;0,149;0,144;0,167;0,191;0,2;0,226;0,225;0,274;0,287;0,328;0,352;0,372;0,405;0,392;0,437;0,457;0,47;0,52;0,543;0,55;0,591;0,61;0,638;0,659;0,679;0,686;0,702;0,74;0,757;0,764;0,785;0,804;0,815;0,833;0,855;0,848;0,869;0,879;0,896;0,888;0,901;0,924;0,94;0,94;0,939;0,938;0,957;0,954;0,975;0,966;0,968;0,98;0,978;0,982;0,982;0,987;0,991;0,989;0,993;1;1;1;1;1;1;1;1;1;1;1;1;1;1;1;1;1;1;1;1;1;1;1;1;1;1;1;1;1;1;1;1;1;1;1
99;JPSP;0,1;0,108;0,122;0,121;0,147;0,162;0,185;0,216;0,279;0,365;0,409;0,475;0,548;0,638;0,69;0,75;0,812;0,868;0,916;0,918;0,966;0,974;0,984;0,989;0,995;1;1;1;1;1;1;1;1;1;1;1;1;1;1;1;1;1;1;1;1;1;1;1;1;1;1;1;1;1;1;1;1;1;1;1;1;1;1;1;1;1;1;1;1;1;1;1;1;1;1;1;1;1;1;1;1;1;1;1;1;1;1;1;1;1;1;1;1;1;1;1;1;1;1;1
100;JPSP;0,088;0,119;0,104;0,117;0,136;0,134;0,159;0,164;0,188;0,236;0,255;0,265;0,294;0,358;0,401;0,44;0,432;0,504;0,54;0,532;0,578;0,612;0,67;0,687;0,7;0,718;0,753;0,777;0,783;0,822;0,807;0,836;0,857;0,864;0,856;0,89;0,901;0,91;0,9;0,919;0,938;0,945;0,955;0,945;0,958;0,977;0,965;0,971;0,969;0,974;0,982;0,974;0,989;0,984;0,993;0,997;1;1;1;1;1;1;1;1;1;1;1;1;1;1;1;1;1;1;1;1;1;1;1;1;1;1;1;1;1;1;1;1;1;1;1;1;1;1;1;1;1;1;1;1
101;JPSP;0,088;0,138;0,136;0,179;0,277;0,362;0,529;0,644;0,783;0,862;0,901;0,95;0,977;0,993;0,995;1;1;1;1;1;1;1;1;1;1;1;1;1;1;1;1;1;1;1;1;1;1;1;1;1;1;1;1;1;1;1;1;1;1;1;1;1;1;1;1;1;1;1;1;1;1;1;1;1;1;1;1;1;1;1;1;1;1;1;1;1;1;1;1;1;1;1;1;1;1;1;1;1;1;1;1;1;1;1;1;1;1;1;1;1
102;JPSP;0,11;0,123;0,114;0,097;0,106;0,138;0,143;0,158;0,169;0,228;0,211;0,248;0,286;0,311;0,322;0,333;0,363;0,38;0,435;0,459;0,447;0,494;0,514;0,567;0,547;0,614;0,582;0,644;0,642;0,671;0,708;0,691;0,737;0,757;0,765;0,78;0,812;0,802;0,819;0,836;0,835;0,863;0,871;0,892;0,893;0,887;0,896;0,911;0,931;0,923;0,94;0,942;0,934;0,945;0,96;0,952;0,968;0,968;0,96;0,971;0,981;0,973;0,982;0,987;0,986;0,988;0,996;1;1;1;1;1;1;1;1;1;1;1;1;1;1;1;1;1;1;1;1;1;1;1;1;1;1;1;1;1;1;1;1;1
103;JPSP;0,092;0,113;0,17;0,241;0,374;0,551;0,699;0,825;0,911;0,961;0,989;0,994;0,997;1;1;1;1;1;1;1;1;1;1;1;1;1;1;1;1;1;1;1;1;1;1;1;1;1;1;1;1;1;1;1;1;1;1;1;1;1;1;1;1;1;1;1;1;1;1;1;1;1;1;1;1;1;1;1;1;1;1;1;1;1;1;1;1;1;1;1;1;1;1;1;1;1;1;1;1;1;1;1;1;1;1;1;1;1;1;1
104;JPSP;0,095;0,09;0,094;0,114;0,117;0,168;0,17;0,202;0,221;0,255;0,287;0,34;0,346;0,406;0,423;0,442;0,494;0,553;0,576;0,594;0,621;0,68;0,698;0,752;0,763;0,806;0,813;0,83;0,851;0,871;0,882;0,896;0,92;0,916;0,932;0,945;0,949;0,967;0,963;0,97;0,969;0,984;0,986;0,991;0,981;0,994;0,991;0,999;1;1;1;1;1;1;1;1;1;1;1;1;1;1;1;1;1;1;1;1;1;1;1;1;1;1;1;1;1;1;1;1;1;1;1;1;1;1;1;1;1;1;1;1;1;1;1;1;1;1;1;1
105;JPSP;0,097;0,095;0,168;0,289;0,401;0,495;0,649;0,715;0,825;0,863;0,931;0,96;0,969;0,982;0,984;0,993;0,995;1;1;1;1;1;1;1;1;1;1;1;1;1;1;1;1;1;1;1;1;1;1;1;1;1;1;1;1;1;1;1;1;1;1;1;1;1;1;1;1;1;1;1;1;1;1;1;1;1;1;1;1;1;1;1;1;1;1;1;1;1;1;1;1;1;1;1;1;1;1;1;1;1;1;1;1;1;1;1;1;1;1;1
106;JPSP;0,088;0,095;0,081;0,107;0,109;0,111;0,128;0,142;0,142;0,15;0,134;0,173;0,204;0,212;0,221;0,232;0,268;0,293;0,276;0,32;0,365;0,397;0,385;0,45;0,465;0,511;0,505;0,526;0,559;0,597;0,634;0,636;0,687;0,692;0,717;0,747;0,78;0,8;0,817;0,861;0,857;0,869;0,885;0,904;0,923;0,935;0,936;0,945;0,954;0,975;0,971;0,967;0,974;0,983;0,981;0,989;0,989;0,995;1;1;1;1;1;1;1;1;1;1;1;1;1;1;1;1;1;1;1;1;1;1;1;1;1;1;1;1;1;1;1;1;1;1;1;1;1;1;1;1;1;1
107;JPSP;0;0;0;0;0;0;0;0;0;0;0;0;0;0;0;0;0;0;0;0;0;0;0;0;0;0;0;0;0;0;0;0;0;0;0;0;0;0;0;0;0;0;0;0;0;0;0;0;0;0;0;0;0;0;0;0;0;0;0;0;0;0;0;0;0;0;0;0;0;0;0;0;0;0;0;0;0;0;0;0;0;0;0;0;0;0;0;0;0;0;0;0;0;0;0;0;0;0;0;0
108;JPSP;0,102;0,115;0,145;0,213;0,288;0,364;0,431;0,57;0,64;0,753;0,808;0,858;0,907;0,938;0,968;0,975;0,979;0,993;0,991;0,995;1;1;1;1;1;1;1;1;1;1;1;1;1;1;1;1;1;1;1;1;1;1;1;1;1;1;1;1;1;1;1;1;1;1;1;1;1;1;1;1;1;1;1;1;1;1;1;1;1;1;1;1;1;1;1;1;1;1;1;1;1;1;1;1;1;1;1;1;1;1;1;1;1;1;1;1;1;1;1;1
109;JPSP;0;0;0;0;0;0;0;0;0;0;0;0;0;0;0;0;0;0;0;0;0;0;0;0;0;0;0;0;0;0;0;0;0;0;0;0;0;0;0;0;0;0;0;0;0;0;0;0;0;0;0;0;0;0;0;0;0;0;0;0;0;0;0;0;0;0;0;0;0;0;0;0;0;0;0;0;0;0;0;0;0;0;0;0;0;0;0;0;0;0;0;0;0;0;0;0;0;0;0;0
110;JPSP;0,096;0,09;0,106;0,122;0,119;0,13;0,152;0,183;0,187;0,213;0,258;0,296;0,31;0,368;0,393;0,393;0,481;0,502;0,556;0,566;0,608;0,62;0,711;0,707;0,733;0,749;0,777;0,814;0,827;0,838;0,879;0,876;0,886;0,923;0,923;0,923;0,934;0,951;0,969;0,955;0,976;0,969;0,977;0,975;0,988;0,988;0,995;1;1;1;1;1;1;1;1;1;1;1;1;1;1;1;1;1;1;1;1;1;1;1;1;1;1;1;1;1;1;1;1;1;1;1;1;1;1;1;1;1;1;1;1;1;1;1;1;1;1;1;1;1
111;JPSP;0,08;0,093;0,118;0,123;0,121;0,164;0,212;0,267;0,329;0,381;0,429;0,508;0,574;0,643;0,69;0,804;0,816;0,853;0,918;0,923;0,958;0,97;0,979;0,985;0,991;0,993;0,997;1;1;1;1;1;1;1;1;1;1;1;1;1;1;1;1;1;1;1;1;1;1;1;1;1;1;1;1;1;1;1;1;1;1;1;1;1;1;1;1;1;1;1;1;1;1;1;1;1;1;1;1;1;1;1;1;1;1;1;1;1;1;1;1;1;1;1;1;1;1;1;1;1
112;JPSP;0,111;0,089;0,106;0,12;0,136;0,159;0,186;0,229;0,277;0,33;0,393;0,443;0,479;0,562;0,646;0,695;0,731;0,798;0,855;0,859;0,914;0,913;0,942;0,963;0,963;0,976;0,985;0,988;0,994;0,999;1;1;1;1;1;1;1;1;1;1;1;1;1;1;1;1;1;1;1;1;1;1;1;1;1;1;1;1;1;1;1;1;1;1;1;1;1;1;1;1;1;1;1;1;1;1;1;1;1;1;1;1;1;1;1;1;1;1;1;1;1;1;1;1;1;1;1;1;1;1
113;JPSP;0,11;0,118;0,157;0,25;0,353;0,487;0,592;0,72;0,826;0,891;0,939;0,971;0,981;0,985;0,999;1;1;1;1;1;1;1;1;1;1;1;1;1;1;1;1;1;1;1;1;1;1;1;1;1;1;1;1;1;1;1;1;1;1;1;1;1;1;1;1;1;1;1;1;1;1;1;1;1;1;1;1;1;1;1;1;1;1;1;1;1;1;1;1;1;1;1;1;1;1;1;1;1;1;1;1;1;1;1;1;1;1;1;1;1
114;JPSP;0,105;0,11;0,096;0,115;0,108;0,11;0,121;0,128;0,141;0,155;0,151;0,169;0,216;0,238;0,237;0,277;0,262;0,294;0,302;0,347;0,372;0,389;0,425;0,44;0,454;0,474;0,508;0,52;0,534;0,577;0,621;0,608;0,652;0,667;0,703;0,701;0,726;0,751;0,748;0,794;0,822;0,838;0,856;0,84;0,859;0,886;0,89;0,91;0,901;0,919;0,946;0,942;0,954;0,952;0,964;0,967;0,975;0,982;0,972;0,98;0,991;0,994;0,986;0,989;0,994;0,993;0,997;1;1;1;1;1;1;1;1;1;1;1;1;1;1;1;1;1;1;1;1;1;1;1;1;1;1;1;1;1;1;1;1;1
115;JPSP;0,104;0,105;0,101;0,117;0,151;0,178;0,211;0,265;0,264;0,327;0,371;0,402;0,447;0,504;0,525;0,56;0,571;0,624;0,686;0,7;0,712;0,729;0,751;0,786;0,808;0,824;0,845;0,861;0,874;0,887;0,913;0,893;0,909;0,923;0,933;0,943;0,941;0,947;0,96;0,971;0,976;0,973;0,967;0,974;0,975;0,982;0,988;0,985;0,987;0,989;0,987;0,991;0,994;0,996;1;1;1;1;1;1;1;1;1;1;1;1;1;1;1;1;1;1;1;1;1;1;1;1;1;1;1;1;1;1;1;1;1;1;1;1;1;1;1;1;1;1;1;1;1;1
116;JPSP;0,094;0,113;0,108;0,119;0,153;0,162;0,187;0,211;0,254;0,314;0,318;0,389;0,425;0,483;0,545;0,599;0,656;0,695;0,722;0,754;0,823;0,838;0,878;0,89;0,908;0,919;0,941;0,954;0,964;0,97;0,976;0,991;0,993;0,99;0,996;1;1;1;1;1;1;1;1;1;1;1;1;1;1;1;1;1;1;1;1;1;1;1;1;1;1;1;1;1;1;1;1;1;1;1;1;1;1;1;1;1;1;1;1;1;1;1;1;1;1;1;1;1;1;1;1;1;1;1;1;1;1;1;1;1
117;JPSP;0,08;0,102;0,11;0,104;0,116;0,142;0,167;0,153;0,165;0,219;0,244;0,284;0,319;0,368;0,406;0,434;0,49;0,546;0,607;0,643;0,68;0,736;0,767;0,804;0,846;0,863;0,899;0,926;0,929;0,953;0,957;0,957;0,973;0,982;0,989;0,996;1;1;1;1;1;1;1;1;1;1;1;1;1;1;1;1;1;1;1;1;1;1;1;1;1;1;1;1;1;1;1;1;1;1;1;1;1;1;1;1;1;1;1;1;1;1;1;1;1;1;1;1;1;1;1;1;1;1;1;1;1;1;1;1
118;JPSP;0,106;0,095;0,104;0,126;0,112;0,138;0,143;0,131;0,158;0,165;0,195;0,199;0,2;0,242;0,245;0,293;0,325;0,337;0,329;0,387;0,394;0,439;0,45;0,466;0,468;0,524;0,534;0,555;0,589;0,602;0,642;0,658;0,622;0,689;0,666;0,715;0,761;0,756;0,763;0,777;0,783;0,8;0,801;0,829;0,856;0,851;0,898;0,885;0,887;0,9;0,893;0,905;0,903;0,93;0,949;0,948;0,954;0,942;0,956;0,963;0,958;0,96;0,966;0,974;0,976;0,986;0,98;0,987;0,991;0,991;0,989;0,989;0,995;1;1;1;1;1;1;1;1;1;1;1;1;1;1;1;1;1;1;1;1;1;1;1;1;1;1;1
119;JPSP;0,101;0,094;0,105;0,12;0,138;0,132;0,182;0,174;0,231;0,236;0,278;0,341;0,396;0,403;0,498;0,561;0,646;0,683;0,767;0,806;0,843;0,884;0,914;0,934;0,944;0,979;0,982;0,984;0,989;0,997;1;1;1;1;1;1;1;1;1;1;1;1;1;1;1;1;1;1;1;1;1;1;1;1;1;1;1;1;1;1;1;1;1;1;1;1;1;1;1;1;1;1;1;1;1;1;1;1;1;1;1;1;1;1;1;1;1;1;1;1;1;1;1;1;1;1;1;1;1;1
120;JPSP;0,085;0,114;0,108;0,12;0,141;0,18;0,199;0,236;0,281;0,304;0,369;0,429;0,515;0,57;0,615;0,676;0,73;0,768;0,799;0,856;0,882;0,914;0,929;0,959;0,962;0,968;0,981;0,988;0,994;0,998;1;1;1;1;1;1;1;1;1;1;1;1;1;1;1;1;1;1;1;1;1;1;1;1;1;1;1;1;1;1;1;1;1;1;1;1;1;1;1;1;1;1;1;1;1;1;1;1;1;1;1;1;1;1;1;1;1;1;1;1;1;1;1;1;1;1;1;1;1;1
121;JPSP;0,099;0,093;0,123;0,114;0,157;0,187;0,231;0,247;0,306;0,386;0,448;0,525;0,605;0,645;0,71;0,781;0,831;0,864;0,887;0,93;0,939;0,972;0,973;0,982;0,991;0,994;0,996;1;1;1;1;1;1;1;1;1;1;1;1;1;1;1;1;1;1;1;1;1;1;1;1;1;1;1;1;1;1;1;1;1;1;1;1;1;1;1;1;1;1;1;1;1;1;1;1;1;1;1;1;1;1;1;1;1;1;1;1;1;1;1;1;1;1;1;1;1;1;1;1;1
122;JPSP;0;0;0;0;0;0;0;0;0;0;0;0;0;0;0;0;0;0;0;0;0;0;0;0;0;0;0;0;0;0;0;0;0;0;0;0;0;0;0;0;0;0;0;0;0;0;0;0;0;0;0;0;0;0;0;0;0;0;0;0;0;0;0;0;0;0;0;0;0;0;0;0;0;0;0;0;0;0;0;0;0;0;0;0;0;0;0;0;0;0;0;0;0;0;0;0;0;0;0;0
123;JPSP;0;0;0;0;0;0;0;0;0;0;0;0;0;0;0;0;0;0;0;0;0;0;0;0;0;0;0;0;0;0;0;0;0;0;0;0;0;0;0;0;0;0;0;0;0;0;0;0;0;0;0;0;0;0;0;0;0;0;0;0;0;0;0;0;0;0;0;0;0;0;0;0;0;0;0;0;0;0;0;0;0;0;0;0;0;0;0;0;0;0;0;0;0;0;0;0;0;0;0;0
124;JPSP;0,096;0,098;0,112;0,123;0,167;0,207;0,308;0,363;0,42;0,502;0,611;0,68;0,769;0,845;0,905;0,946;0,955;0,98;0,995;1;1;1;1;1;1;1;1;1;1;1;1;1;1;1;1;1;1;1;1;1;1;1;1;1;1;1;1;1;1;1;1;1;1;1;1;1;1;1;1;1;1;1;1;1;1;1;1;1;1;1;1;1;1;1;1;1;1;1;1;1;1;1;1;1;1;1;1;1;1;1;1;1;1;1;1;1;1;1;1;1
125;JPSP;0,106;0,1;0,12;0,121;0,144;0,144;0,145;0,18;0,2;0,223;0,251;0,294;0,314;0,363;0,426;0,482;0,512;0,551;0,634;0,679;0,722;0,76;0,813;0,832;0,863;0,894;0,913;0,927;0,958;0,963;0,97;0,974;0,992;0,993;0,992;0,996;1;1;1;1;1;1;1;1;1;1;1;1;1;1;1;1;1;1;1;1;1;1;1;1;1;1;1;1;1;1;1;1;1;1;1;1;1;1;1;1;1;1;1;1;1;1;1;1;1;1;1;1;1;1;1;1;1;1;1;1;1;1;1;1
126;JPSP;0,075;0,101;0,116;0,101;0,125;0,132;0,159;0,177;0,197;0,219;0,219;0,278;0,288;0,317;0,355;0,364;0,397;0,448;0,487;0,5;0,561;0,512;0,592;0,584;0,614;0,645;0,634;0,674;0,698;0,711;0,739;0,756;0,758;0,798;0,786;0,842;0,831;0,822;0,849;0,863;0,899;0,906;0,901;0,894;0,902;0,916;0,919;0,943;0,935;0,945;0,961;0,951;0,961;0,96;0,971;0,971;0,977;0,98;0,979;0,983;0,974;0,988;0,99;0,99;0,991;0,988;0,991;0,998;1;1;1;1;1;1;1;1;1;1;1;1;1;1;1;1;1;1;1;1;1;1;1;1;1;1;1;1;1;1;1;1
127;JPSP;0,099;0,098;0,12;0,1;0,129;0,123;0,131;0,158;0,161;0,168;0,184;0,189;0,231;0,272;0,274;0,324;0,369;0,382;0,425;0,485;0,51;0,544;0,601;0,619;0,652;0,71;0,732;0,785;0,802;0,839;0,845;0,885;0,884;0,915;0,932;0,949;0,96;0,97;0,977;0,974;0,988;0,997;1;1;1;1;1;1;1;1;1;1;1;1;1;1;1;1;1;1;1;1;1;1;1;1;1;1;1;1;1;1;1;1;1;1;1;1;1;1;1;1;1;1;1;1;1;1;1;1;1;1;1;1;1;1;1;1;1;1
128;JPSP;0,09;0,108;0,108;0,11;0,132;0,198;0,209;0,269;0,367;0,447;0,512;0,588;0,676;0,751;0,805;0,872;0,924;0,945;0,963;0,989;0,992;0,994;0,999;1;1;1;1;1;1;1;1;1;1;1;1;1;1;1;1;1;1;1;1;1;1;1;1;1;1;1;1;1;1;1;1;1;1;1;1;1;1;1;1;1;1;1;1;1;1;1;1;1;1;1;1;1;1;1;1;1;1;1;1;1;1;1;1;1;1;1;1;1;1;1;1;1;1;1;1;1
129;JPSP;0;0;0;0;0;0;0;0;0;0;0;0;0;0;0;0;0;0;0;0;0;0;0;0;0;0;0;0;0;0;0;0;0;0;0;0;0;0;0;0;0;0;0;0;0;0;0;0;0;0;0;0;0;0;0;0;0;0;0;0;0;0;0;0;0;0;0;0;0;0;0;0;0;0;0;0;0;0;0;0;0;0;0;0;0;0;0;0;0;0;0;0;0;0;0;0;0;0;0;0
130;JPSP;0,1;0,11;0,121;0,141;0,137;0,139;0,156;0,17;0,209;0,226;0,278;0,314;0,391;0,409;0,452;0,526;0,55;0,613;0,69;0,719;0,756;0,789;0,829;0,871;0,904;0,913;0,945;0,949;0,969;0,974;0,981;0,981;0,992;0,994;0,993;1;1;1;1;1;1;1;1;1;1;1;1;1;1;1;1;1;1;1;1;1;1;1;1;1;1;1;1;1;1;1;1;1;1;1;1;1;1;1;1;1;1;1;1;1;1;1;1;1;1;1;1;1;1;1;1;1;1;1;1;1;1;1;1;1
131;JPSP;0,102;0,087;0,124;0,111;0,14;0,173;0,196;0,268;0,32;0,365;0,415;0,495;0,569;0,633;0,717;0,761;0,826;0,864;0,914;0,928;0,962;0,963;0,978;0,99;0,994;0,996;1;1;1;1;1;1;1;1;1;1;1;1;1;1;1;1;1;1;1;1;1;1;1;1;1;1;1;1;1;1;1;1;1;1;1;1;1;1;1;1;1;1;1;1;1;1;1;1;1;1;1;1;1;1;1;1;1;1;1;1;1;1;1;1;1;1;1;1;1;1;1;1;1;1
132;JPSP;0,107;0,106;0,114;0,124;0,118;0,12;0,117;0,129;0,152;0,186;0,188;0,197;0,251;0,259;0,31;0,307;0,371;0,43;0,426;0,473;0,515;0,554;0,592;0,629;0,669;0,718;0,755;0,771;0,803;0,837;0,846;0,884;0,896;0,915;0,929;0,941;0,959;0,957;0,974;0,976;0,991;0,987;0,986;0,995;1;1;1;1;1;1;1;1;1;1;1;1;1;1;1;1;1;1;1;1;1;1;1;1;1;1;1;1;1;1;1;1;1;1;1;1;1;1;1;1;1;1;1;1;1;1;1;1;1;1;1;1;1;1;1;1
133;JPSP;0,098;0,11;0,131;0,208;0,271;0,377;0,454;0,564;0,641;0,724;0,814;0,838;0,877;0,919;0,945;0,964;0,974;0,984;0,985;0,994;0,997;1;1;1;1;1;1;1;1;1;1;1;1;1;1;1;1;1;1;1;1;1;1;1;1;1;1;1;1;1;1;1;1;1;1;1;1;1;1;1;1;1;1;1;1;1;1;1;1;1;1;1;1;1;1;1;1;1;1;1;1;1;1;1;1;1;1;1;1;1;1;1;1;1;1;1;1;1;1;1
134;JPSP;0,1;0,105;0,094;0,104;0,105;0,121;0,112;0,102;0,114;0,113;0,142;0,126;0,158;0,139;0,136;0,13;0,165;0,168;0,199;0,215;0,191;0,235;0,223;0,239;0,232;0,266;0,271;0,279;0,277;0,308;0,307;0,329;0,334;0,371;0,373;0,397;0,4;0,4;0,461;0,442;0,459;0,5;0,471;0,538;0,534;0,549;0,553;0,571;0,592;0,599;0,592;0,645;0,657;0,65;0,648;0,687;0,693;0,724;0,741;0,723;0,755;0,751;0,783;0,783;0,815;0,825;0,841;0,845;0,832;0,852;0,874;0,899;0,906;0,911;0,911;0,911;0,939;0,954;0,948;0,939;0,963;0,966;0,97;0,975;0,983;0,984;0,986;0,986;0,996;1;1;1;1;1;1;1;1;1;1;1
135;JPSP;0,094;0,09;0,118;0,157;0,175;0,238;0,252;0,301;0,405;0,478;0,531;0,59;0,618;0,691;0,732;0,764;0,813;0,831;0,87;0,893;0,916;0,945;0,942;0,954;0,963;0,972;0,974;0,975;0,986;0,984;0,992;0,992;0,996;1;1;1;1;1;1;1;1;1;1;1;1;1;1;1;1;1;1;1;1;1;1;1;1;1;1;1;1;1;1;1;1;1;1;1;1;1;1;1;1;1;1;1;1;1;1;1;1;1;1;1;1;1;1;1;1;1;1;1;1;1;1;1;1;1;1;1
136;JPSP;0,115;0,105;0,123;0,125;0,138;0,174;0,189;0,222;0,286;0,317;0,356;0,409;0,433;0,486;0,552;0,591;0,643;0,665;0,697;0,745;0,771;0,816;0,837;0,844;0,881;0,882;0,902;0,912;0,937;0,948;0,961;0,962;0,964;0,974;0,984;0,986;0,983;0,989;0,99;0,994;0,998;1;1;1;1;1;1;1;1;1;1;1;1;1;1;1;1;1;1;1;1;1;1;1;1;1;1;1;1;1;1;1;1;1;1;1;1;1;1;1;1;1;1;1;1;1;1;1;1;1;1;1;1;1;1;1;1;1;1;1
137;JPSP;0,094;0,112;0,114;0,122;0,161;0,191;0,215;0,255;0,279;0,339;0,409;0,492;0,518;0,585;0,65;0,728;0,764;0,807;0,859;0,874;0,912;0,918;0,943;0,958;0,985;0,973;0,98;0,993;0,988;0,997;1;1;1;1;1;1;1;1;1;1;1;1;1;1;1;1;1;1;1;1;1;1;1;1;1;1;1;1;1;1;1;1;1;1;1;1;1;1;1;1;1;1;1;1;1;1;1;1;1;1;1;1;1;1;1;1;1;1;1;1;1;1;1;1;1;1;1;1;1;1
138;JPSP;0;0;0;0;0;0;0;0;0;0;0;0;0;0;0;0;0;0;0;0;0;0;0;0;0;0;0;0;0;0;0;0;0;0;0;0;0;0;0;0;0;0;0;0;0;0;0;0;0;0;0;0;0;0;0;0;0;0;0;0;0;0;0;0;0;0;0;0;0;0;0;0;0;0;0;0;0;0;0;0;0;0;0;0;0;0;0;0;0;0;0;0;0;0;0;0;0;0;0;0
139;JPSP;0,105;0,103;0,121;0,12;0,122;0,148;0,154;0,166;0,168;0,197;0,214;0,253;0,263;0,319;0,305;0,36;0,404;0,392;0,423;0,476;0,446;0,53;0,49;0,542;0,588;0,594;0,634;0,618;0,663;0,691;0,71;0,701;0,763;0,747;0,777;0,776;0,8;0,808;0,832;0,831;0,85;0,873;0,876;0,891;0,893;0,896;0,906;0,91;0,919;0,928;0,942;0,941;0,936;0,957;0,954;0,958;0,965;0,977;0,968;0,977;0,981;0,981;0,977;0,991;0,986;0,989;0,987;0,991;0,996;1;1;1;1;1;1;1;1;1;1;1;1;1;1;1;1;1;1;1;1;1;1;1;1;1;1;1;1;1;1;1
140;JPSP;0,091;0,112;0,112;0,111;0,143;0,179;0,203;0,267;0,284;0,396;0,476;0,519;0,584;0,657;0,726;0,765;0,837;0,895;0,916;0,94;0,96;0,968;0,983;0,985;0,993;0,999;1;1;1;1;1;1;1;1;1;1;1;1;1;1;1;1;1;1;1;1;1;1;1;1;1;1;1;1;1;1;1;1;1;1;1;1;1;1;1;1;1;1;1;1;1;1;1;1;1;1;1;1;1;1;1;1;1;1;1;1;1;1;1;1;1;1;1;1;1;1;1;1;1;1
141;JPSP;0,101;0,122;0,108;0,131;0,121;0,122;0,152;0,158;0,187;0,214;0,225;0,277;0,263;0,312;0,308;0,348;0,38;0,42;0,427;0,454;0,493;0,488;0,53;0,576;0,594;0,588;0,63;0,638;0,704;0,691;0,718;0,73;0,746;0,77;0,789;0,801;0,788;0,818;0,853;0,839;0,845;0,868;0,864;0,882;0,896;0,91;0,915;0,915;0,936;0,939;0,932;0,954;0,955;0,948;0,956;0,962;0,965;0,968;0,973;0,97;0,975;0,983;0,984;0,989;0,982;0,982;0,991;0,992;0,994;0,998;1;1;1;1;1;1;1;1;1;1;1;1;1;1;1;1;1;1;1;1;1;1;1;1;1;1;1;1;1;1
142;JPSP;0,105;0,102;0,117;0,122;0,188;0,188;0,26;0,306;0,416;0,483;0,591;0,674;0,778;0,838;0,882;0,923;0,949;0,98;0,988;0,995;1;1;1;1;1;1;1;1;1;1;1;1;1;1;1;1;1;1;1;1;1;1;1;1;1;1;1;1;1;1;1;1;1;1;1;1;1;1;1;1;1;1;1;1;1;1;1;1;1;1;1;1;1;1;1;1;1;1;1;1;1;1;1;1;1;1;1;1;1;1;1;1;1;1;1;1;1;1;1;1
143;JPSP;0,091;0,094;0,093;0,116;0,144;0,172;0,207;0,22;0,261;0,315;0,341;0,436;0,477;0,52;0,628;0,698;0,744;0,792;0,85;0,871;0,909;0,94;0,947;0,973;0,974;0,982;0,987;0,994;0,997;1;1;1;1;1;1;1;1;1;1;1;1;1;1;1;1;1;1;1;1;1;1;1;1;1;1;1;1;1;1;1;1;1;1;1;1;1;1;1;1;1;1;1;1;1;1;1;1;1;1;1;1;1;1;1;1;1;1;1;1;1;1;1;1;1;1;1;1;1;1;1
144;JPSP;0,116;0,13;0,103;0,119;0,119;0,144;0,169;0,186;0,189;0,237;0,294;0,324;0,367;0,437;0,47;0,514;0,585;0,626;0,66;0,76;0,769;0,825;0,872;0,895;0,893;0,929;0,96;0,974;0,975;0,987;0,982;0,988;0,999;1;1;1;1;1;1;1;1;1;1;1;1;1;1;1;1;1;1;1;1;1;1;1;1;1;1;1;1;1;1;1;1;1;1;1;1;1;1;1;1;1;1;1;1;1;1;1;1;1;1;1;1;1;1;1;1;1;1;1;1;1;1;1;1;1;1;1
145;JPSP;0;0;0;0;0;0;0;0;0;0;0;0;0;0;0;0;0;0;0;0;0;0;0;0;0;0;0;0;0;0;0;0;0;0;0;0;0;0;0;0;0;0;0;0;0;0;0;0;0;0;0;0;0;0;0;0;0;0;0;0;0;0;0;0;0;0;0;0;0;0;0;0;0;0;0;0;0;0;0;0;0;0;0;0;0;0;0;0;0;0;0;0;0;0;0;0;0;0;0;0
146;JPSP;0;0;0;0;0;0;0;0;0;0;0;0;0;0;0;0;0;0;0;0;0;0;0;0;0;0;0;0;0;0;0;0;0;0;0;0;0;0;0;0;0;0;0;0;0;0;0;0;0;0;0;0;0;0;0;0;0;0;0;0;0;0;0;0;0;0;0;0;0;0;0;0;0;0;0;0;0;0;0;0;0;0;0;0;0;0;0;0;0;0;0;0;0;0;0;0;0;0;0;0
147;JPSP;0,104;0,123;0,097;0,108;0,128;0,158;0,169;0,197;0,227;0,296;0,348;0,373;0,447;0,533;0,566;0,622;0,702;0,762;0,806;0,851;0,88;0,92;0,929;0,949;0,964;0,98;0,985;0,994;0,996;1;1;1;1;1;1;1;1;1;1;1;1;1;1;1;1;1;1;1;1;1;1;1;1;1;1;1;1;1;1;1;1;1;1;1;1;1;1;1;1;1;1;1;1;1;1;1;1;1;1;1;1;1;1;1;1;1;1;1;1;1;1;1;1;1;1;1;1;1;1;1
148;JPSP;0,091;0,092;0,091;0,113;0,131;0,118;0,151;0,193;0,206;0,266;0,32;0,379;0,434;0,508;0,54;0,63;0,69;0,754;0,811;0,813;0,888;0,926;0,949;0,957;0,977;0,98;0,994;0,991;0,997;1;1;1;1;1;1;1;1;1;1;1;1;1;1;1;1;1;1;1;1;1;1;1;1;1;1;1;1;1;1;1;1;1;1;1;1;1;1;1;1;1;1;1;1;1;1;1;1;1;1;1;1;1;1;1;1;1;1;1;1;1;1;1;1;1;1;1;1;1;1;1
149;JPSP;0,099;0,116;0,136;0,123;0,161;0,203;0,236;0,324;0,394;0,472;0,556;0,64;0,691;0,76;0,816;0,867;0,901;0,939;0,962;0,975;0,98;0,99;0,994;0,996;1;1;1;1;1;1;1;1;1;1;1;1;1;1;1;1;1;1;1;1;1;1;1;1;1;1;1;1;1;1;1;1;1;1;1;1;1;1;1;1;1;1;1;1;1;1;1;1;1;1;1;1;1;1;1;1;1;1;1;1;1;1;1;1;1;1;1;1;1;1;1;1;1;1;1;1
150;JPSP;0,102;0,104;0,107;0,11;0,105;0,154;0,145;0,182;0,19;0,225;0,243;0,239;0,278;0,286;0,349;0,353;0,41;0,416;0,444;0,509;0,496;0,532;0,566;0,573;0,598;0,624;0,651;0,691;0,691;0,746;0,724;0,753;0,776;0,79;0,797;0,813;0,823;0,822;0,845;0,855;0,873;0,892;0,896;0,891;0,925;0,926;0,908;0,93;0,948;0,945;0,949;0,947;0,949;0,958;0,959;0,97;0,975;0,983;0,966;0,977;0,985;0,99;0,99;0,988;0,992;0,993;0,991;0,992;0,999;1;1;1;1;1;1;1;1;1;1;1;1;1;1;1;1;1;1;1;1;1;1;1;1;1;1;1;1;1;1;1
151;JPSP;0,109;0,111;0,119;0,114;0,14;0,15;0,195;0,219;0,274;0,291;0,41;0,423;0,526;0,578;0,645;0,692;0,774;0,812;0,849;0,888;0,924;0,938;0,968;0,975;0,978;0,992;0,996;1;1;1;1;1;1;1;1;1;1;1;1;1;1;1;1;1;1;1;1;1;1;1;1;1;1;1;1;1;1;1;1;1;1;1;1;1;1;1;1;1;1;1;1;1;1;1;1;1;1;1;1;1;1;1;1;1;1;1;1;1;1;1;1;1;1;1;1;1;1;1;1;1
152;JPSP;0;0;0;0;0;0;0;0;0;0;0;0;0;0;0;0;0;0;0;0;0;0;0;0;0;0;0;0;0;0;0;0;0;0;0;0;0;0;0;0;0;0;0;0;0;0;0;0;0;0;0;0;0;0;0;0;0;0;0;0;0;0;0;0;0;0;0;0;0;0;0;0;0;0;0;0;0;0;0;0;0;0;0;0;0;0;0;0;0;0;0;0;0;0;0;0;0;0;0;0
153;JPSP;0,11;0,112;0,111;0,117;0,14;0,161;0,16;0,184;0,191;0,244;0,293;0,339;0,373;0,432;0,476;0,544;0,607;0,659;0,692;0,77;0,797;0,836;0,883;0,896;0,927;0,95;0,959;0,976;0,985;0,986;0,987;0,991;0,995;1;1;1;1;1;1;1;1;1;1;1;1;1;1;1;1;1;1;1;1;1;1;1;1;1;1;1;1;1;1;1;1;1;1;1;1;1;1;1;1;1;1;1;1;1;1;1;1;1;1;1;1;1;1;1;1;1;1;1;1;1;1;1;1;1;1;1
154;JPSP;0,098;0,089;0,102;0,114;0,075;0,118;0,125;0,117;0,116;0,145;0,159;0,157;0,154;0,182;0,181;0,214;0,195;0,218;0,238;0,253;0,266;0,261;0,32;0,317;0,311;0,329;0,37;0,379;0,396;0,405;0,429;0,433;0,439;0,472;0,438;0,489;0,472;0,528;0,555;0,581;0,61;0,599;0,574;0,613;0,639;0,658;0,643;0,691;0,712;0,696;0,717;0,75;0,742;0,78;0,786;0,802;0,806;0,81;0,818;0,835;0,848;0,868;0,832;0,874;0,884;0,912;0,907;0,901;0,936;0,919;0,941;0,944;0,949;0,959;0,957;0,971;0,982;0,964;0,97;0,987;0,978;0,988;0,99;0,994;0,995;1;1;1;1;1;1;1;1;1;1;1;1;1;1;1
155;JPSP;0,094;0,094;0,116;0,104;0,102;0,122;0,127;0,117;0,116;0,141;0,145;0,157;0,15;0,178;0,18;0,185;0,236;0,249;0,235;0,256;0,262;0,289;0,304;0,317;0,306;0,346;0,357;0,36;0,394;0,398;0,404;0,432;0,452;0,474;0,481;0,508;0,523;0,547;0,534;0,59;0,567;0,574;0,625;0,624;0,631;0,667;0,684;0,716;0,722;0,74;0,733;0,731;0,735;0,779;0,791;0,8;0,824;0,815;0,848;0,831;0,849;0,852;0,889;0,886;0,865;0,927;0,907;0,926;0,919;0,936;0,939;0,943;0,957;0,95;0,961;0,963;0,977;0,971;0,982;0,986;0,993;0,987;0,991;0,994;0,99;0,998;1;1;1;1;1;1;1;1;1;1;1;1;1;1
156;JPSP;0,103;0,109;0,102;0,109;0,107;0,148;0,181;0,19;0,222;0,26;0,304;0,342;0,414;0,473;0,541;0,601;0,665;0,7;0,781;0,831;0,857;0,919;0,931;0,957;0,958;0,981;0,987;0,993;0,997;1;1;1;1;1;1;1;1;1;1;1;1;1;1;1;1;1;1;1;1;1;1;1;1;1;1;1;1;1;1;1;1;1;1;1;1;1;1;1;1;1;1;1;1;1;1;1;1;1;1;1;1;1;1;1;1;1;1;1;1;1;1;1;1;1;1;1;1;1;1;1
157;JPSP;0,123;0,112;0,098;0,095;0,136;0,135;0,129;0,17;0,171;0,208;0,2;0,228;0,251;0,3;0,32;0,341;0,437;0,435;0,454;0,493;0,504;0,556;0,571;0,601;0,669;0,664;0,684;0,699;0,75;0,752;0,797;0,8;0,83;0,86;0,858;0,895;0,893;0,895;0,908;0,919;0,928;0,94;0,954;0,963;0,965;0,971;0,975;0,976;0,978;0,986;0,979;0,989;0,994;0,994;0,993;0,994;0,992;0,994;0,997;1;1;1;1;1;1;1;1;1;1;1;1;1;1;1;1;1;1;1;1;1;1;1;1;1;1;1;1;1;1;1;1;1;1;1;1;1;1;1;1;1
158;JPSP;0,107;0,101;0,121;0,128;0,143;0,185;0,191;0,258;0,348;0,383;0,433;0,513;0,603;0,688;0,746;0,819;0,851;0,907;0,933;0,962;0,965;0,984;0,99;0,992;0,997;1;1;1;1;1;1;1;1;1;1;1;1;1;1;1;1;1;1;1;1;1;1;1;1;1;1;1;1;1;1;1;1;1;1;1;1;1;1;1;1;1;1;1;1;1;1;1;1;1;1;1;1;1;1;1;1;1;1;1;1;1;1;1;1;1;1;1;1;1;1;1;1;1;1;1
159;JPSP;0,084;0,085;0,11;0,103;0,119;0,114;0,124;0,147;0,147;0,167;0,172;0,237;0,226;0,227;0,267;0,303;0,313;0,318;0,379;0,406;0,42;0,446;0,488;0,497;0,519;0,548;0,569;0,609;0,64;0,67;0,675;0,688;0,734;0,764;0,798;0,799;0,819;0,81;0,853;0,861;0,869;0,889;0,887;0,905;0,929;0,908;0,941;0,946;0,949;0,966;0,962;0,952;0,978;0,972;0,98;0,982;0,987;0,982;0,987;0,994;0,996;1;1;1;1;1;1;1;1;1;1;1;1;1;1;1;1;1;1;1;1;1;1;1;1;1;1;1;1;1;1;1;1;1;1;1;1;1;1;1
160;JPSP;0;0;0;0;0;0;0;0;0;0;0;0;0;0;0;0;0;0;0;0;0;0;0;0;0;0;0;0;0;0;0;0;0;0;0;0;0;0;0;0;0;0;0;0;0;0;0;0;0;0;0;0;0;0;0;0;0;0;0;0;0;0;0;0;0;0;0;0;0;0;0;0;0;0;0;0;0;0;0;0;0;0;0;0;0;0;0;0;0;0;0;0;0;0;0;0;0;0;0;0
161;JPSP;0,083;0,083;0,112;0,116;0,13;0,173;0,198;0,267;0,349;0,383;0,5;0,545;0,612;0,721;0,798;0,841;0,894;0,915;0,953;0,964;0,986;0,99;0,999;1;1;1;1;1;1;1;1;1;1;1;1;1;1;1;1;1;1;1;1;1;1;1;1;1;1;1;1;1;1;1;1;1;1;1;1;1;1;1;1;1;1;1;1;1;1;1;1;1;1;1;1;1;1;1;1;1;1;1;1;1;1;1;1;1;1;1;1;1;1;1;1;1;1;1;1;1
162;JPSP;0,114;0,105;0,108;0,114;0,118;0,129;0,145;0,157;0,181;0,19;0,275;0,292;0,343;0,38;0,403;0,424;0,482;0,541;0,564;0,617;0,667;0,682;0,737;0,765;0,823;0,806;0,869;0,863;0,905;0,917;0,932;0,942;0,944;0,962;0,968;0,976;0,972;0,978;0,989;0,991;0,992;0,996;1;1;1;1;1;1;1;1;1;1;1;1;1;1;1;1;1;1;1;1;1;1;1;1;1;1;1;1;1;1;1;1;1;1;1;1;1;1;1;1;1;1;1;1;1;1;1;1;1;1;1;1;1;1;1;1;1;1
163;JPSP;0,094;0,11;0,095;0,104;0,11;0,127;0,124;0,156;0,139;0,162;0,173;0,197;0,204;0,194;0,233;0,245;0,285;0,301;0,31;0,321;0,373;0,398;0,457;0,464;0,472;0,518;0,551;0,578;0,608;0,614;0,641;0,688;0,718;0,734;0,776;0,775;0,812;0,809;0,862;0,85;0,851;0,888;0,893;0,919;0,905;0,934;0,933;0,94;0,954;0,953;0,978;0,975;0,984;0,979;0,988;0,984;0,993;0,991;0,993;0,997;1;1;1;1;1;1;1;1;1;1;1;1;1;1;1;1;1;1;1;1;1;1;1;1;1;1;1;1;1;1;1;1;1;1;1;1;1;1;1;1
164;JPSP;0,106;0,095;0,111;0,125;0,15;0,151;0,163;0,177;0,167;0,243;0,23;0,267;0,255;0,307;0,348;0,345;0,364;0,387;0,443;0,472;0,504;0,515;0,542;0,582;0,597;0,613;0,623;0,654;0,7;0,706;0,718;0,728;0,76;0,75;0,804;0,804;0,805;0,808;0,846;0,876;0,856;0,86;0,871;0,884;0,906;0,897;0,918;0,931;0,924;0,925;0,955;0,963;0,951;0,958;0,968;0,956;0,966;0,977;0,976;0,982;0,981;0,981;0,987;0,985;0,991;0,989;0,996;1;1;1;1;1;1;1;1;1;1;1;1;1;1;1;1;1;1;1;1;1;1;1;1;1;1;1;1;1;1;1;1;1
165;JPSP;0,11;0,091;0,101;0,113;0,1;0,116;0,12;0,102;0,098;0,126;0,116;0,134;0,107;0,135;0,143;0,155;0,159;0,157;0,145;0,16;0,193;0,194;0,205;0,215;0,191;0,225;0,237;0,266;0,258;0,26;0,277;0,264;0,278;0,297;0,322;0,35;0,337;0,366;0,349;0,379;0,393;0,399;0,429;0,428;0,461;0,458;0,472;0,481;0,515;0,516;0,517;0,526;0,585;0,58;0,586;0,606;0,613;0,638;0,653;0,673;0,7;0,686;0,699;0,717;0,754;0,769;0,763;0,806;0,775;0,779;0,833;0,829;0,841;0,86;0,87;0,87;0,902;0,916;0,925;0,936;0,934;0,949;0,949;0,961;0,954;0,967;0,986;0,981;0,988;0,995;1;1;1;1;1;1;1;1;1;1
166;JPSP;0,11;0,11;0,097;0,106;0,128;0,145;0,175;0,197;0,216;0,251;0,328;0,335;0,366;0,4;0,508;0,534;0,576;0,619;0,653;0,737;0,761;0,801;0,818;0,867;0,883;0,9;0,923;0,937;0,952;0,955;0,974;0,98;0,984;0,986;0,99;0,995;1;1;1;1;1;1;1;1;1;1;1;1;1;1;1;1;1;1;1;1;1;1;1;1;1;1;1;1;1;1;1;1;1;1;1;1;1;1;1;1;1;1;1;1;1;1;1;1;1;1;1;1;1;1;1;1;1;1;1;1;1;1;1;1
167;JPSP;0,086;0,139;0,275;0,511;0,783;0,953;0,983;1;1;1;1;1;1;1;1;1;1;1;1;1;1;1;1;1;1;1;1;1;1;1;1;1;1;1;1;1;1;1;1;1;1;1;1;1;1;1;1;1;1;1;1;1;1;1;1;1;1;1;1;1;1;1;1;1;1;1;1;1;1;1;1;1;1;1;1;1;1;1;1;1;1;1;1;1;1;1;1;1;1;1;1;1;1;1;1;1;1;1;1;1
168;JPSP;0,096;0,121;0,128;0,124;0,165;0,209;0,277;0,373;0,477;0,562;0,636;0,749;0,819;0,883;0,932;0,959;0,97;0,988;0,996;1;1;1;1;1;1;1;1;1;1;1;1;1;1;1;1;1;1;1;1;1;1;1;1;1;1;1;1;1;1;1;1;1;1;1;1;1;1;1;1;1;1;1;1;1;1;1;1;1;1;1;1;1;1;1;1;1;1;1;1;1;1;1;1;1;1;1;1;1;1;1;1;1;1;1;1;1;1;1;1;1
169;JPSP;0,086;0,096;0,135;0,143;0,196;0,241;0,323;0,428;0,522;0,622;0,739;0,813;0,905;0,948;0,968;0,988;0,995;1;1;1;1;1;1;1;1;1;1;1;1;1;1;1;1;1;1;1;1;1;1;1;1;1;1;1;1;1;1;1;1;1;1;1;1;1;1;1;1;1;1;1;1;1;1;1;1;1;1;1;1;1;1;1;1;1;1;1;1;1;1;1;1;1;1;1;1;1;1;1;1;1;1;1;1;1;1;1;1;1;1;1
170;JPSP;0,105;0,106;0,092;0,086;0,115;0,121;0,139;0,149;0,18;0,171;0,206;0,229;0,26;0,224;0,275;0,313;0,324;0,379;0,379;0,416;0,438;0,424;0,48;0,477;0,529;0,499;0,553;0,581;0,613;0,637;0,65;0,667;0,673;0,682;0,707;0,708;0,754;0,748;0,775;0,812;0,794;0,807;0,809;0,826;0,829;0,853;0,851;0,882;0,9;0,879;0,9;0,92;0,912;0,921;0,94;0,935;0,95;0,936;0,954;0,958;0,963;0,97;0,96;0,983;0,981;0,984;0,991;0,988;0,991;0,989;0,993;0,994;0,997;1;1;1;1;1;1;1;1;1;1;1;1;1;1;1;1;1;1;1;1;1;1;1;1;1;1;1
171;JPSP;0,111;0,09;0,105;0,106;0,137;0,167;0,214;0,219;0,303;0,389;0,399;0,51;0,563;0,638;0,697;0,774;0,85;0,899;0,916;0,948;0,957;0,98;0,985;0,992;0,992;0,997;1;1;1;1;1;1;1;1;1;1;1;1;1;1;1;1;1;1;1;1;1;1;1;1;1;1;1;1;1;1;1;1;1;1;1;1;1;1;1;1;1;1;1;1;1;1;1;1;1;1;1;1;1;1;1;1;1;1;1;1;1;1;1;1;1;1;1;1;1;1;1;1;1;1
172;JPSP;0,108;0,112;0,096;0,104;0,094;0,099;0,132;0,111;0,141;0,161;0,174;0,169;0,184;0,187;0,199;0,209;0,241;0,253;0,268;0,283;0,295;0,299;0,358;0,354;0,378;0,388;0,399;0,427;0,449;0,463;0,481;0,469;0,513;0,502;0,549;0,575;0,587;0,586;0,636;0,629;0,684;0,687;0,665;0,695;0,684;0,712;0,742;0,766;0,742;0,769;0,792;0,784;0,813;0,817;0,834;0,857;0,855;0,845;0,87;0,885;0,895;0,882;0,908;0,92;0,926;0,929;0,933;0,949;0,947;0,95;0,955;0,959;0,977;0,968;0,974;0,986;0,974;0,98;0,986;0,992;0,992;0,994;0,995;1;1;1;1;1;1;1;1;1;1;1;1;1;1;1;1;1
173;JPSP;0,093;0,091;0,122;0,109;0,14;0,132;0,151;0,196;0,241;0,257;0,308;0,353;0,417;0,512;0,5;0,6;0,637;0,684;0,749;0,829;0,841;0,876;0,911;0,934;0,946;0,952;0,978;0,981;0,99;0,991;0,986;0,994;0,999;1;1;1;1;1;1;1;1;1;1;1;1;1;1;1;1;1;1;1;1;1;1;1;1;1;1;1;1;1;1;1;1;1;1;1;1;1;1;1;1;1;1;1;1;1;1;1;1;1;1;1;1;1;1;1;1;1;1;1;1;1;1;1;1;1;1;1
174;JPSP;0,102;0,125;0,145;0,207;0,319;0,422;0,552;0,672;0,778;0,848;0,918;0,952;0,975;0,99;0,997;1;1;1;1;1;1;1;1;1;1;1;1;1;1;1;1;1;1;1;1;1;1;1;1;1;1;1;1;1;1;1;1;1;1;1;1;1;1;1;1;1;1;1;1;1;1;1;1;1;1;1;1;1;1;1;1;1;1;1;1;1;1;1;1;1;1;1;1;1;1;1;1;1;1;1;1;1;1;1;1;1;1;1;1;1
175;JPSP;0,095;0,104;0,112;0,156;0,197;0,224;0,276;0,358;0,434;0,521;0,614;0,681;0,779;0,841;0,881;0,919;0,948;0,973;0,976;0,992;0,995;1;1;1;1;1;1;1;1;1;1;1;1;1;1;1;1;1;1;1;1;1;1;1;1;1;1;1;1;1;1;1;1;1;1;1;1;1;1;1;1;1;1;1;1;1;1;1;1;1;1;1;1;1;1;1;1;1;1;1;1;1;1;1;1;1;1;1;1;1;1;1;1;1;1;1;1;1;1;1
176;JPSP;0;0;0;0;0;0;0;0;0;0;0;0;0;0;0;0;0;0;0;0;0;0;0;0;0;0;0;0;0;0;0;0;0;0;0;0;0;0;0;0;0;0;0;0;0;0;0;0;0;0;0;0;0;0;0;0;0;0;0;0;0;0;0;0;0;0;0;0;0;0;0;0;0;0;0;0;0;0;0;0;0;0;0;0;0;0;0;0;0;0;0;0;0;0;0;0;0;0;0;0
177;JPSP;0,102;0,096;0,107;0,122;0,175;0,164;0,198;0,26;0,316;0,374;0,458;0,535;0,606;0,681;0,727;0,793;0,841;0,879;0,899;0,958;0,957;0,979;0,989;0,994;0,995;1;1;1;1;1;1;1;1;1;1;1;1;1;1;1;1;1;1;1;1;1;1;1;1;1;1;1;1;1;1;1;1;1;1;1;1;1;1;1;1;1;1;1;1;1;1;1;1;1;1;1;1;1;1;1;1;1;1;1;1;1;1;1;1;1;1;1;1;1;1;1;1;1;1;1
178;JPSP;0,122;0,103;0,099;0,114;0,131;0,166;0,194;0,224;0,283;0,294;0,365;0,417;0,485;0,516;0,553;0,598;0,677;0,719;0,749;0,78;0,829;0,845;0,897;0,903;0,915;0,927;0,945;0,963;0,97;0,968;0,982;0,983;0,987;0,993;0,993;0,994;0,996;1;1;1;1;1;1;1;1;1;1;1;1;1;1;1;1;1;1;1;1;1;1;1;1;1;1;1;1;1;1;1;1;1;1;1;1;1;1;1;1;1;1;1;1;1;1;1;1;1;1;1;1;1;1;1;1;1;1;1;1;1;1;1
179;JPSP;0,119;0,105;0,098;0,11;0,116;0,138;0,141;0,125;0,13;0,136;0,168;0,195;0,229;0,256;0,237;0,303;0,352;0,355;0,38;0,41;0,453;0,448;0,495;0,536;0,57;0,574;0,649;0,659;0,703;0,704;0,755;0,78;0,801;0,801;0,84;0,861;0,882;0,9;0,907;0,913;0,944;0,951;0,95;0,965;0,966;0,97;0,975;0,987;0,982;0,983;0,991;0,995;1;1;1;1;1;1;1;1;1;1;1;1;1;1;1;1;1;1;1;1;1;1;1;1;1;1;1;1;1;1;1;1;1;1;1;1;1;1;1;1;1;1;1;1;1;1;1;1
180;JPSP;0,109;0,093;0,118;0,144;0,185;0,25;0,311;0,417;0,498;0,596;0,689;0,769;0,876;0,905;0,947;0,98;0,99;0,987;0,996;1;1;1;1;1;1;1;1;1;1;1;1;1;1;1;1;1;1;1;1;1;1;1;1;1;1;1;1;1;1;1;1;1;1;1;1;1;1;1;1;1;1;1;1;1;1;1;1;1;1;1;1;1;1;1;1;1;1;1;1;1;1;1;1;1;1;1;1;1;1;1;1;1;1;1;1;1;1;1;1;1
181;JPSP;0,105;0,105;0,137;0,13;0,172;0,201;0,232;0,332;0,405;0,492;0,589;0,715;0,78;0,851;0,911;0,925;0,968;0,979;0,991;0,994;0,998;1;1;1;1;1;1;1;1;1;1;1;1;1;1;1;1;1;1;1;1;1;1;1;1;1;1;1;1;1;1;1;1;1;1;1;1;1;1;1;1;1;1;1;1;1;1;1;1;1;1;1;1;1;1;1;1;1;1;1;1;1;1;1;1;1;1;1;1;1;1;1;1;1;1;1;1;1;1;1
182;JPSP;0,091;0,125;0,115;0,114;0,136;0,142;0,211;0,241;0,294;0,343;0,447;0,49;0,574;0,652;0,726;0,774;0,824;0,873;0,903;0,937;0,97;0,974;0,977;0,991;0,995;1;1;1;1;1;1;1;1;1;1;1;1;1;1;1;1;1;1;1;1;1;1;1;1;1;1;1;1;1;1;1;1;1;1;1;1;1;1;1;1;1;1;1;1;1;1;1;1;1;1;1;1;1;1;1;1;1;1;1;1;1;1;1;1;1;1;1;1;1;1;1;1;1;1;1
183;JPSP;0,099;0,088;0,119;0,137;0,151;0,213;0,251;0,337;0,373;0,485;0,541;0,638;0,731;0,825;0,875;0,911;0,936;0,969;0,978;0,987;0,997;1;1;1;1;1;1;1;1;1;1;1;1;1;1;1;1;1;1;1;1;1;1;1;1;1;1;1;1;1;1;1;1;1;1;1;1;1;1;1;1;1;1;1;1;1;1;1;1;1;1;1;1;1;1;1;1;1;1;1;1;1;1;1;1;1;1;1;1;1;1;1;1;1;1;1;1;1;1;1
184;JPSP;0,095;0,097;0,111;0,112;0,133;0,163;0,209;0,242;0,289;0,34;0,401;0,47;0,572;0,596;0,682;0,769;0,794;0,85;0,897;0,946;0,95;0,969;0,975;0,985;0,99;0,991;0,996;1;1;1;1;1;1;1;1;1;1;1;1;1;1;1;1;1;1;1;1;1;1;1;1;1;1;1;1;1;1;1;1;1;1;1;1;1;1;1;1;1;1;1;1;1;1;1;1;1;1;1;1;1;1;1;1;1;1;1;1;1;1;1;1;1;1;1;1;1;1;1;1;1
185;JPSP;0,099;0,109;0,118;0,153;0,21;0,283;0,406;0,556;0,642;0,757;0,86;0,947;0,968;0,989;0,997;1;1;1;1;1;1;1;1;1;1;1;1;1;1;1;1;1;1;1;1;1;1;1;1;1;1;1;1;1;1;1;1;1;1;1;1;1;1;1;1;1;1;1;1;1;1;1;1;1;1;1;1;1;1;1;1;1;1;1;1;1;1;1;1;1;1;1;1;1;1;1;1;1;1;1;1;1;1;1;1;1;1;1;1;1
186;JPSP;0,093;0,123;0,103;0,131;0,181;0,215;0,252;0,299;0,39;0,448;0,529;0,61;0,682;0,753;0,782;0,857;0,898;0,942;0,956;0,984;0,98;0,996;1;1;1;1;1;1;1;1;1;1;1;1;1;1;1;1;1;1;1;1;1;1;1;1;1;1;1;1;1;1;1;1;1;1;1;1;1;1;1;1;1;1;1;1;1;1;1;1;1;1;1;1;1;1;1;1;1;1;1;1;1;1;1;1;1;1;1;1;1;1;1;1;1;1;1;1;1;1
187;JPSP;0,104;0,103;0,111;0,139;0,184;0,22;0,27;0,308;0,364;0,418;0,475;0,509;0,567;0,605;0,669;0,725;0,737;0,785;0,83;0,844;0,892;0,917;0,936;0,936;0,953;0,976;0,987;0,98;0,991;0,993;0,993;0,993;0,996;1;1;1;1;1;1;1;1;1;1;1;1;1;1;1;1;1;1;1;1;1;1;1;1;1;1;1;1;1;1;1;1;1;1;1;1;1;1;1;1;1;1;1;1;1;1;1;1;1;1;1;1;1;1;1;1;1;1;1;1;1;1;1;1;1;1;1
188;JPSP;0,101;0,106;0,09;0,109;0,11;0,116;0,136;0,164;0,179;0,189;0,224;0,275;0,267;0,32;0,324;0,357;0,444;0,477;0,526;0,558;0,59;0,645;0,675;0,719;0,736;0,774;0,824;0,826;0,861;0,874;0,897;0,914;0,945;0,942;0,954;0,966;0,97;0,98;0,985;0,99;0,996;1;1;1;1;1;1;1;1;1;1;1;1;1;1;1;1;1;1;1;1;1;1;1;1;1;1;1;1;1;1;1;1;1;1;1;1;1;1;1;1;1;1;1;1;1;1;1;1;1;1;1;1;1;1;1;1;1;1;1
189;JPSP;0,106;0,115;0,114;0,113;0,14;0,172;0,2;0,242;0,312;0,379;0,417;0,5;0,565;0,622;0,673;0,772;0,816;0,853;0,896;0,926;0,938;0,964;0,982;0,981;0,993;0,998;1;1;1;1;1;1;1;1;1;1;1;1;1;1;1;1;1;1;1;1;1;1;1;1;1;1;1;1;1;1;1;1;1;1;1;1;1;1;1;1;1;1;1;1;1;1;1;1;1;1;1;1;1;1;1;1;1;1;1;1;1;1;1;1;1;1;1;1;1;1;1;1;1;1
190;JPSP;0;0;0;0;0;0;0;0;0;0;0;0;0;0;0;0;0;0;0;0;0;0;0;0;0;0;0;0;0;0;0;0;0;0;0;0;0;0;0;0;0;0;0;0;0;0;0;0;0;0;0;0;0;0;0;0;0;0;0;0;0;0;0;0;0;0;0;0;0;0;0;0;0;0;0;0;0;0;0;0;0;0;0;0;0;0;0;0;0;0;0;0;0;0;0;0;0;0;0;0
191;JPSP;0,091;0,101;0,117;0,107;0,117;0,139;0,175;0,222;0,217;0,264;0,343;0,404;0,478;0,547;0,622;0,672;0,75;0,772;0,848;0,885;0,931;0,956;0,963;0,976;0,987;0,986;0,995;1;1;1;1;1;1;1;1;1;1;1;1;1;1;1;1;1;1;1;1;1;1;1;1;1;1;1;1;1;1;1;1;1;1;1;1;1;1;1;1;1;1;1;1;1;1;1;1;1;1;1;1;1;1;1;1;1;1;1;1;1;1;1;1;1;1;1;1;1;1;1;1;1
192;JPSP;0,107;0,094;0,118;0,133;0,155;0,18;0,224;0,25;0,32;0,397;0,488;0,558;0,611;0,697;0,765;0,839;0,874;0,929;0,957;0,952;0,984;0,986;0,996;1;1;1;1;1;1;1;1;1;1;1;1;1;1;1;1;1;1;1;1;1;1;1;1;1;1;1;1;1;1;1;1;1;1;1;1;1;1;1;1;1;1;1;1;1;1;1;1;1;1;1;1;1;1;1;1;1;1;1;1;1;1;1;1;1;1;1;1;1;1;1;1;1;1;1;1;1
193;JPSP;0;0;0;0;0;0;0;0;0;0;0;0;0;0;0;0;0;0;0;0;0;0;0;0;0;0;0;0;0;0;0;0;0;0;0;0;0;0;0;0;0;0;0;0;0;0;0;0;0;0;0;0;0;0;0;0;0;0;0;0;0;0;0;0;0;0;0;0;0;0;0;0;0;0;0;0;0;0;0;0;0;0;0;0;0;0;0;0;0;0;0;0;0;0;0;0;0;0;0;0
194;JPSP;0,094;0,09;0,092;0,108;0,123;0,16;0,168;0,191;0,247;0,262;0,318;0,362;0,408;0,438;0,508;0,527;0,594;0,658;0,708;0,765;0,798;0,823;0,843;0,885;0,917;0,933;0,942;0,949;0,968;0,978;0,984;0,992;0,992;0,996;1;1;1;1;1;1;1;1;1;1;1;1;1;1;1;1;1;1;1;1;1;1;1;1;1;1;1;1;1;1;1;1;1;1;1;1;1;1;1;1;1;1;1;1;1;1;1;1;1;1;1;1;1;1;1;1;1;1;1;1;1;1;1;1;1;1
195;JPSP;0,101;0,097;0,093;0,106;0,114;0,12;0,105;0,124;0,134;0,117;0,152;0,149;0,174;0,161;0,172;0,217;0,178;0,206;0,239;0,258;0,238;0,277;0,248;0,32;0,299;0,336;0,331;0,344;0,37;0,371;0,399;0,405;0,413;0,448;0,452;0,482;0,506;0,504;0,518;0,552;0,554;0,562;0,571;0,595;0,639;0,663;0,628;0,652;0,674;0,672;0,722;0,712;0,735;0,747;0,766;0,767;0,779;0,788;0,833;0,828;0,859;0,852;0,849;0,864;0,873;0,879;0,891;0,888;0,904;0,917;0,944;0,94;0,948;0,954;0,945;0,965;0,953;0,977;0,97;0,978;0,982;0,99;0,988;0,987;0,996;1;1;1;1;1;1;1;1;1;1;1;1;1;1;1
196;JPSP;0,103;0,112;0,145;0,166;0,257;0,299;0,427;0,494;0,609;0,715;0,787;0,84;0,896;0,935;0,964;0,974;0,981;0,996;1;1;1;1;1;1;1;1;1;1;1;1;1;1;1;1;1;1;1;1;1;1;1;1;1;1;1;1;1;1;1;1;1;1;1;1;1;1;1;1;1;1;1;1;1;1;1;1;1;1;1;1;1;1;1;1;1;1;1;1;1;1;1;1;1;1;1;1;1;1;1;1;1;1;1;1;1;1;1;1;1;1
197;JPSP;0,099;0,109;0,103;0,112;0,12;0,136;0,16;0,144;0,172;0,208;0,247;0,259;0,296;0,328;0,35;0,37;0,412;0,48;0,501;0,565;0,596;0,643;0,652;0,724;0,74;0,776;0,802;0,822;0,88;0,877;0,879;0,893;0,925;0,935;0,953;0,952;0,96;0,973;0,972;0,983;0,983;0,985;0,99;0,995;1;1;1;1;1;1;1;1;1;1;1;1;1;1;1;1;1;1;1;1;1;1;1;1;1;1;1;1;1;1;1;1;1;1;1;1;1;1;1;1;1;1;1;1;1;1;1;1;1;1;1;1;1;1;1;1
198;JPSP;0,103;0,098;0,135;0,132;0,2;0,226;0,29;0,391;0,533;0,65;0,733;0,82;0,9;0,943;0,968;0,989;0,991;0,998;1;1;1;1;1;1;1;1;1;1;1;1;1;1;1;1;1;1;1;1;1;1;1;1;1;1;1;1;1;1;1;1;1;1;1;1;1;1;1;1;1;1;1;1;1;1;1;1;1;1;1;1;1;1;1;1;1;1;1;1;1;1;1;1;1;1;1;1;1;1;1;1;1;1;1;1;1;1;1;1;1;1
199;JPSP;0,082;0,104;0,114;0,128;0,2;0,232;0,335;0,428;0,539;0,61;0,661;0,766;0,823;0,854;0,879;0,921;0,956;0,959;0,98;0,981;0,987;0,993;0,996;1;1;1;1;1;1;1;1;1;1;1;1;1;1;1;1;1;1;1;1;1;1;1;1;1;1;1;1;1;1;1;1;1;1;1;1;1;1;1;1;1;1;1;1;1;1;1;1;1;1;1;1;1;1;1;1;1;1;1;1;1;1;1;1;1;1;1;1;1;1;1;1;1;1;1;1;1
200;JPSP;0,102;0,095;0,109;0,114;0,119;0,142;0,167;0,182;0,183;0,2;0,244;0,286;0,335;0,347;0,437;0,439;0,522;0,579;0,571;0,678;0,667;0,703;0,76;0,782;0,807;0,837;0,873;0,884;0,925;0,934;0,951;0,953;0,97;0,978;0,973;0,982;0,987;0,989;0,996;1;1;1;1;1;1;1;1;1;1;1;1;1;1;1;1;1;1;1;1;1;1;1;1;1;1;1;1;1;1;1;1;1;1;1;1;1;1;1;1;1;1;1;1;1;1;1;1;1;1;1;1;1;1;1;1;1;1;1;1;1
201;JPSP;0,102;0,091;0,114;0,138;0,177;0,23;0,29;0,379;0,451;0,552;0,626;0,74;0,822;0,894;0,936;0,957;0,971;0,985;0,992;1;1;1;1;1;1;1;1;1;1;1;1;1;1;1;1;1;1;1;1;1;1;1;1;1;1;1;1;1;1;1;1;1;1;1;1;1;1;1;1;1;1;1;1;1;1;1;1;1;1;1;1;1;1;1;1;1;1;1;1;1;1;1;1;1;1;1;1;1;1;1;1;1;1;1;1;1;1;1;1;1
202;JPSP;0,122;0,115;0,11;0,121;0,127;0,123;0,151;0,167;0,212;0,261;0,26;0,315;0,342;0,37;0,408;0,449;0,488;0,532;0,59;0,619;0,626;0,671;0,692;0,726;0,775;0,794;0,803;0,808;0,857;0,859;0,876;0,895;0,906;0,916;0,937;0,946;0,947;0,964;0,969;0,966;0,98;0,98;0,975;0,987;0,99;0,991;0,984;0,991;1;1;1;1;1;1;1;1;1;1;1;1;1;1;1;1;1;1;1;1;1;1;1;1;1;1;1;1;1;1;1;1;1;1;1;1;1;1;1;1;1;1;1;1;1;1;1;1;1;1;1;1
203;JPSP;0,099;0,113;0,105;0,105;0,123;0,177;0,175;0,223;0,264;0,303;0,375;0,432;0,51;0,587;0,628;0,693;0,744;0,815;0,852;0,901;0,92;0,927;0,958;0,97;0,968;0,99;0,996;1;1;1;1;1;1;1;1;1;1;1;1;1;1;1;1;1;1;1;1;1;1;1;1;1;1;1;1;1;1;1;1;1;1;1;1;1;1;1;1;1;1;1;1;1;1;1;1;1;1;1;1;1;1;1;1;1;1;1;1;1;1;1;1;1;1;1;1;1;1;1;1;1
204;JPSP;0,097;0,117;0,145;0,217;0,258;0,354;0,383;0,486;0,539;0,635;0,717;0,756;0,805;0,868;0,912;0,938;0,963;0,982;0,988;0,993;0,998;1;1;1;1;1;1;1;1;1;1;1;1;1;1;1;1;1;1;1;1;1;1;1;1;1;1;1;1;1;1;1;1;1;1;1;1;1;1;1;1;1;1;1;1;1;1;1;1;1;1;1;1;1;1;1;1;1;1;1;1;1;1;1;1;1;1;1;1;1;1;1;1;1;1;1;1;1;1;1
205;JPSP;0;0;0;0;0;0;0;0;0;0;0;0;0;0;0;0;0;0;0;0;0;0;0;0;0;0;0;0;0;0;0;0;0;0;0;0;0;0;0;0;0;0;0;0;0;0;0;0;0;0;0;0;0;0;0;0;0;0;0;0;0;0;0;0;0;0;0;0;0;0;0;0;0;0;0;0;0;0;0;0;0;0;0;0;0;0;0;0;0;0;0;0;0;0;0;0;0;0;0;0
206;JPSP;0,086;0,102;0,078;0,108;0,111;0,138;0,134;0,136;0,17;0,17;0,217;0,259;0,24;0,261;0,297;0,307;0,34;0,351;0,406;0,394;0,434;0,45;0,486;0,488;0,516;0,547;0,555;0,569;0,613;0,662;0,653;0,677;0,65;0,696;0,733;0,746;0,761;0,778;0,801;0,775;0,786;0,817;0,811;0,855;0,86;0,846;0,88;0,883;0,893;0,917;0,911;0,926;0,932;0,943;0,932;0,953;0,944;0,948;0,955;0,965;0,965;0,968;0,978;0,975;0,977;0,974;0,983;0,988;0,991;0,986;0,99;0,997;1;1;1;1;1;1;1;1;1;1;1;1;1;1;1;1;1;1;1;1;1;1;1;1;1;1;1;1
207;JPSP;0,099;0,124;0,104;0,121;0,136;0,121;0,177;0,19;0,223;0,257;0,266;0,302;0,358;0,38;0,436;0,473;0,534;0,553;0,584;0,649;0,692;0,722;0,772;0,774;0,812;0,832;0,853;0,885;0,893;0,916;0,934;0,936;0,962;0,959;0,969;0,98;0,985;0,984;0,991;0,989;0,992;0,995;1;1;1;1;1;1;1;1;1;1;1;1;1;1;1;1;1;1;1;1;1;1;1;1;1;1;1;1;1;1;1;1;1;1;1;1;1;1;1;1;1;1;1;1;1;1;1;1;1;1;1;1;1;1;1;1;1;1
208;JPSP;0;0;0;0;0;0;0;0;0;0;0;0;0;0;0;0;0;0;0;0;0;0;0;0;0;0;0;0;0;0;0;0;0;0;0;0;0;0;0;0;0;0;0;0;0;0;0;0;0;0;0;0;0;0;0;0;0;0;0;0;0;0;0;0;0;0;0;0;0;0;0;0;0;0;0;0;0;0;0;0;0;0;0;0;0;0;0;0;0;0;0;0;0;0;0;0;0;0;0;0
209;JPSP;0;0;0;0;0;0;0;0;0;0;0;0;0;0;0;0;0;0;0;0;0;0;0;0;0;0;0;0;0;0;0;0;0;0;0;0;0;0;0;0;0;0;0;0;0;0;0;0;0;0;0;0;0;0;0;0;0;0;0;0;0;0;0;0;0;0;0;0;0;0;0;0;0;0;0;0;0;0;0;0;0;0;0;0;0;0;0;0;0;0;0;0;0;0;0;0;0;0;0;0
210;JPSP;0;0;0;0;0;0;0;0;0;0;0;0;0;0;0;0;0;0;0;0;0;0;0;0;0;0;0;0;0;0;0;0;0;0;0;0;0;0;0;0;0;0;0;0;0;0;0;0;0;0;0;0;0;0;0;0;0;0;0;0;0;0;0;0;0;0;0;0;0;0;0;0;0;0;0;0;0;0;0;0;0;0;0;0;0;0;0;0;0;0;0;0;0;0;0;0;0;0;0;0
211;JPSP;0,103;0,105;0,112;0,135;0,123;0,168;0,162;0,212;0,189;0,226;0,302;0,306;0,354;0,392;0,414;0,439;0,49;0,554;0,57;0,626;0,619;0,667;0,695;0,717;0,768;0,766;0,795;0,847;0,856;0,848;0,897;0,912;0,903;0,932;0,938;0,935;0,946;0,951;0,966;0,967;0,974;0,978;0,987;0,986;0,989;0,988;0,99;0,997;1;1;1;1;1;1;1;1;1;1;1;1;1;1;1;1;1;1;1;1;1;1;1;1;1;1;1;1;1;1;1;1;1;1;1;1;1;1;1;1;1;1;1;1;1;1;1;1;1;1;1;1
212;JPSP;0;0;0;0;0;0;0;0;0;0;0;0;0;0;0;0;0;0;0;0;0;0;0;0;0;0;0;0;0;0;0;0;0;0;0;0;0;0;0;0;0;0;0;0;0;0;0;0;0;0;0;0;0;0;0;0;0;0;0;0;0;0;0;0;0;0;0;0;0;0;0;0;0;0;0;0;0;0;0;0;0;0;0;0;0;0;0;0;0;0;0;0;0;0;0;0;0;0;0;0
213;JPSP;0;0;0;0;0;0;0;0;0;0;0;0;0;0;0;0;0;0;0;0;0;0;0;0;0;0;0;0;0;0;0;0;0;0;0;0;0;0;0;0;0;0;0;0;0;0;0;0;0;0;0;0;0;0;0;0;0;0;0;0;0;0;0;0;0;0;0;0;0;0;0;0;0;0;0;0;0;0;0;0;0;0;0;0;0;0;0;0;0;0;0;0;0;0;0;0;0;0;0;0
214;JPSP;0,109;0,114;0,134;0,14;0,179;0,217;0,312;0,37;0,437;0,536;0,616;0,727;0,769;0,824;0,873;0,912;0,941;0,956;0,98;0,983;0,987;1;1;1;1;1;1;1;1;1;1;1;1;1;1;1;1;1;1;1;1;1;1;1;1;1;1;1;1;1;1;1;1;1;1;1;1;1;1;1;1;1;1;1;1;1;1;1;1;1;1;1;1;1;1;1;1;1;1;1;1;1;1;1;1;1;1;1;1;1;1;1;1;1;1;1;1;1;1;1
215;JPSP;0;0;0;0;0;0;0;0;0;0;0;0;0;0;0;0;0;0;0;0;0;0;0;0;0;0;0;0;0;0;0;0;0;0;0;0;0;0;0;0;0;0;0;0;0;0;0;0;0;0;0;0;0;0;0;0;0;0;0;0;0;0;0;0;0;0;0;0;0;0;0;0;0;0;0;0;0;0;0;0;0;0;0;0;0;0;0;0;0;0;0;0;0;0;0;0;0;0;0;0
216;PS;0,094;0,093;0,095;0,134;0,125;0,159;0,156;0,197;0,186;0,223;0,292;0,326;0,381;0,376;0,447;0,526;0,58;0,616;0,617;0,666;0,695;0,77;0,795;0,811;0,871;0,885;0,916;0,916;0,926;0,947;0,973;0,961;0,972;0,975;0,987;0,995;1;1;1;1;1;1;1;1;1;1;1;1;1;1;1;1;1;1;1;1;1;1;1;1;1;1;1;1;1;1;1;1;1;1;1;1;1;1;1;1;1;1;1;1;1;1;1;1;1;1;1;1;1;1;1;1;1;1;1;1;1;1;1;1
217;PS;0,085;0,108;0,094;0,122;0,121;0,116;0,125;0,177;0,196;0,206;0,243;0,282;0,276;0,328;0,377;0,428;0,41;0,482;0,502;0,499;0,563;0,605;0,602;0,659;0,705;0,709;0,739;0,75;0,771;0,829;0,833;0,837;0,864;0,882;0,906;0,921;0,921;0,935;0,939;0,947;0,959;0,963;0,961;0,975;0,981;0,982;0,988;0,987;0,988;0,987;0,992;0,997;1;1;1;1;1;1;1;1;1;1;1;1;1;1;1;1;1;1;1;1;1;1;1;1;1;1;1;1;1;1;1;1;1;1;1;1;1;1;1;1;1;1;1;1;1;1;1;1
218;PS;0;0;0;0;0;0;0;0;0;0;0;0;0;0;0;0;0;0;0;0;0;0;0;0;0;0;0;0;0;0;0;0;0;0;0;0;0;0;0;0;0;0;0;0;0;0;0;0;0;0;0;0;0;0;0;0;0;0;0;0;0;0;0;0;0;0;0;0;0;0;0;0;0;0;0;0;0;0;0;0;0;0;0;0;0;0;0;0;0;0;0;0;0;0;0;0;0;0;0;0
219;PS;0;0;0;0;0;0;0;0;0;0;0;0;0;0;0;0;0;0;0;0;0;0;0;0;0;0;0;0;0;0;0;0;0;0;0;0;0;0;0;0;0;0;0;0;0;0;0;0;0;0;0;0;0;0;0;0;0;0;0;0;0;0;0;0;0;0;0;0;0;0;0;0;0;0;0;0;0;0;0;0;0;0;0;0;0;0;0;0;0;0;0;0;0;0;0;0;0;0;0;0
220;PS;0,108;0,097;0,102;0,103;0,096;0,131;0,121;0,136;0,125;0,159;0,177;0,192;0,182;0,213;0,219;0,254;0,28;0,294;0,284;0,302;0,323;0,347;0,379;0,402;0,418;0,442;0,446;0,467;0,511;0,525;0,526;0,568;0,587;0,592;0,618;0,61;0,617;0,655;0,695;0,672;0,714;0,747;0,736;0,753;0,772;0,763;0,776;0,806;0,806;0,838;0,824;0,85;0,837;0,86;0,882;0,897;0,884;0,895;0,916;0,907;0,935;0,931;0,936;0,943;0,961;0,962;0,96;0,961;0,968;0,975;0,976;0,97;0,984;0,984;0,99;0,985;0,988;0,99;0,996;1;1;1;1;1;1;1;1;1;1;1;1;1;1;1;1;1;1;1;1;1
221;PS;0,08;0,115;0,111;0,099;0,142;0,152;0,211;0,237;0,312;0,343;0,388;0,461;0,518;0,577;0,623;0,714;0,715;0,782;0,828;0,866;0,885;0,909;0,947;0,962;0,973;0,975;0,986;0,987;0,992;0,993;0,992;0,998;1;1;1;1;1;1;1;1;1;1;1;1;1;1;1;1;1;1;1;1;1;1;1;1;1;1;1;1;1;1;1;1;1;1;1;1;1;1;1;1;1;1;1;1;1;1;1;1;1;1;1;1;1;1;1;1;1;1;1;1;1;1;1;1;1;1;1;1
222;PS;0;0;0;0;0;0;0;0;0;0;0;0;0;0;0;0;0;0;0;0;0;0;0;0;0;0;0;0;0;0;0;0;0;0;0;0;0;0;0;0;0;0;0;0;0;0;0;0;0;0;0;0;0;0;0;0;0;0;0;0;0;0;0;0;0;0;0;0;0;0;0;0;0;0;0;0;0;0;0;0;0;0;0;0;0;0;0;0;0;0;0;0;0;0;0;0;0;0;0;0
223;PS;0;0;0;0;0;0;0;0;0;0;0;0;0;0;0;0;0;0;0;0;0;0;0;0;0;0;0;0;0;0;0;0;0;0;0;0;0;0;0;0;0;0;0;0;0;0;0;0;0;0;0;0;0;0;0;0;0;0;0;0;0;0;0;0;0;0;0;0;0;0;0;0;0;0;0;0;0;0;0;0;0;0;0;0;0;0;0;0;0;0;0;0;0;0;0;0;0;0;0;0
224;PS;0;0;0;0;0;0;0;0;0;0;0;0;0;0;0;0;0;0;0;0;0;0;0;0;0;0;0;0;0;0;0;0;0;0;0;0;0;0;0;0;0;0;0;0;0;0;0;0;0;0;0;0;0;0;0;0;0;0;0;0;0;0;0;0;0;0;0;0;0;0;0;0;0;0;0;0;0;0;0;0;0;0;0;0;0;0;0;0;0;0;0;0;0;0;0;0;0;0;0;0
225;PS;0;0;0;0;0;0;0;0;0;0;0;0;0;0;0;0;0;0;0;0;0;0;0;0;0;0;0;0;0;0;0;0;0;0;0;0;0;0;0;0;0;0;0;0;0;0;0;0;0;0;0;0;0;0;0;0;0;0;0;0;0;0;0;0;0;0;0;0;0;0;0;0;0;0;0;0;0;0;0;0;0;0;0;0;0;0;0;0;0;0;0;0;0;0;0;0;0;0;0;0
226;PS;0;0;0;0;0;0;0;0;0;0;0;0;0;0;0;0;0;0;0;0;0;0;0;0;0;0;0;0;0;0;0;0;0;0;0;0;0;0;0;0;0;0;0;0;0;0;0;0;0;0;0;0;0;0;0;0;0;0;0;0;0;0;0;0;0;0;0;0;0;0;0;0;0;0;0;0;0;0;0;0;0;0;0;0;0;0;0;0;0;0;0;0;0;0;0;0;0;0;0;0
227;PS;0,086;0,113;0,101;0,138;0,136;0,163;0,188;0,216;0,261;0,295;0,334;0,402;0,433;0,483;0,541;0,585;0,621;0,649;0,69;0,709;0,749;0,793;0,816;0,827;0,848;0,886;0,895;0,92;0,909;0,944;0,949;0,944;0,966;0,963;0,979;0,983;0,979;0,99;0,989;0,985;0,992;0,997;1;1;1;1;1;1;1;1;1;1;1;1;1;1;1;1;1;1;1;1;1;1;1;1;1;1;1;1;1;1;1;1;1;1;1;1;1;1;1;1;1;1;1;1;1;1;1;1;1;1;1;1;1;1;1;1;1;1
228;PS;0;0;0;0;0;0;0;0;0;0;0;0;0;0;0;0;0;0;0;0;0;0;0;0;0;0;0;0;0;0;0;0;0;0;0;0;0;0;0;0;0;0;0;0;0;0;0;0;0;0;0;0;0;0;0;0;0;0;0;0;0;0;0;0;0;0;0;0;0;0;0;0;0;0;0;0;0;0;0;0;0;0;0;0;0;0;0;0;0;0;0;0;0;0;0;0;0;0;0;0
229;PS;0,099;0,105;0,099;0,084;0,108;0,122;0,129;0,142;0,178;0,17;0,199;0,221;0,241;0,275;0,302;0,321;0,34;0,361;0,383;0,451;0,478;0,478;0,508;0,56;0,602;0,636;0,651;0,669;0,713;0,718;0,737;0,812;0,808;0,808;0,844;0,862;0,85;0,89;0,91;0,913;0,938;0,935;0,945;0,961;0,964;0,973;0,974;0,98;0,98;0,974;0,993;0,992;0,99;0,997;1;1;1;1;1;1;1;1;1;1;1;1;1;1;1;1;1;1;1;1;1;1;1;1;1;1;1;1;1;1;1;1;1;1;1;1;1;1;1;1;1;1;1;1;1;1
230;PS;0,109;0,112;0,095;0,126;0,141;0,157;0,199;0,225;0,271;0,326;0,378;0,419;0,513;0,565;0,62;0,663;0,714;0,77;0,784;0,846;0,89;0,91;0,919;0,945;0,952;0,971;0,978;0,981;0,99;0,993;0,995;1;1;1;1;1;1;1;1;1;1;1;1;1;1;1;1;1;1;1;1;1;1;1;1;1;1;1;1;1;1;1;1;1;1;1;1;1;1;1;1;1;1;1;1;1;1;1;1;1;1;1;1;1;1;1;1;1;1;1;1;1;1;1;1;1;1;1;1;1
231;PS;0;0;0;0;0;0;0;0;0;0;0;0;0;0;0;0;0;0;0;0;0;0;0;0;0;0;0;0;0;0;0;0;0;0;0;0;0;0;0;0;0;0;0;0;0;0;0;0;0;0;0;0;0;0;0;0;0;0;0;0;0;0;0;0;0;0;0;0;0;0;0;0;0;0;0;0;0;0;0;0;0;0;0;0;0;0;0;0;0;0;0;0;0;0;0;0;0;0;0;0
232;PS;0;0;0;0;0;0;0;0;0;0;0;0;0;0;0;0;0;0;0;0;0;0;0;0;0;0;0;0;0;0;0;0;0;0;0;0;0;0;0;0;0;0;0;0;0;0;0;0;0;0;0;0;0;0;0;0;0;0;0;0;0;0;0;0;0;0;0;0;0;0;0;0;0;0;0;0;0;0;0;0;0;0;0;0;0;0;0;0;0;0;0;0;0;0;0;0;0;0;0;0
233;PS;0,084;0,104;0,109;0,113;0,123;0,131;0,134;0,149;0,186;0,194;0,221;0,255;0,275;0,329;0,356;0,388;0,396;0,436;0,485;0,513;0,561;0,59;0,62;0,618;0,686;0,7;0,709;0,746;0,754;0,815;0,82;0,849;0,854;0,851;0,898;0,898;0,904;0,917;0,93;0,925;0,961;0,959;0,965;0,969;0,978;0,983;0,982;0,981;0,988;0,987;0,987;0,987;0,995;1;1;1;1;1;1;1;1;1;1;1;1;1;1;1;1;1;1;1;1;1;1;1;1;1;1;1;1;1;1;1;1;1;1;1;1;1;1;1;1;1;1;1;1;1;1;1
234;PS;0;0;0;0;0;0;0;0;0;0;0;0;0;0;0;0;0;0;0;0;0;0;0;0;0;0;0;0;0;0;0;0;0;0;0;0;0;0;0;0;0;0;0;0;0;0;0;0;0;0;0;0;0;0;0;0;0;0;0;0;0;0;0;0;0;0;0;0;0;0;0;0;0;0;0;0;0;0;0;0;0;0;0;0;0;0;0;0;0;0;0;0;0;0;0;0;0;0;0;0
235;PS;0,097;0,112;0,088;0,122;0,129;0,13;0,147;0,151;0,19;0,215;0,243;0,283;0,3;0,348;0,379;0,408;0,462;0,529;0,533;0,593;0,645;0,697;0,705;0,733;0,802;0,798;0,839;0,886;0,898;0,916;0,924;0,939;0,96;0,961;0,965;0,951;0,984;0,983;0,992;0,991;0,994;0,997;1;1;1;1;1;1;1;1;1;1;1;1;1;1;1;1;1;1;1;1;1;1;1;1;1;1;1;1;1;1;1;1;1;1;1;1;1;1;1;1;1;1;1;1;1;1;1;1;1;1;1;1;1;1;1;1;1;1
236;PS;0,095;0,093;0,105;0,13;0,147;0,162;0,195;0,253;0,296;0,344;0,448;0,489;0,544;0,635;0,717;0,74;0,811;0,868;0,901;0,924;0,931;0,97;0,983;0,983;0,989;0,99;0,992;0,997;1;1;1;1;1;1;1;1;1;1;1;1;1;1;1;1;1;1;1;1;1;1;1;1;1;1;1;1;1;1;1;1;1;1;1;1;1;1;1;1;1;1;1;1;1;1;1;1;1;1;1;1;1;1;1;1;1;1;1;1;1;1;1;1;1;1;1;1;1;1;1;1
237;PS;0,09;0,107;0,115;0,123;0,135;0,173;0,193;0,25;0,296;0,385;0,448;0,484;0,557;0,633;0,693;0,787;0,805;0,865;0,887;0,916;0,944;0,963;0,969;0,976;0,989;0,988;0,995;1;1;1;1;1;1;1;1;1;1;1;1;1;1;1;1;1;1;1;1;1;1;1;1;1;1;1;1;1;1;1;1;1;1;1;1;1;1;1;1;1;1;1;1;1;1;1;1;1;1;1;1;1;1;1;1;1;1;1;1;1;1;1;1;1;1;1;1;1;1;1;1;1
238;PS;0,09;0,081;0,112;0,108;0,122;0,133;0,14;0,147;0,192;0,202;0,25;0,271;0,313;0,395;0,386;0,404;0,491;0,551;0,581;0,595;0,639;0,694;0,741;0,783;0,802;0,837;0,862;0,891;0,901;0,923;0,931;0,934;0,956;0,965;0,977;0,978;0,979;0,985;0,989;0,994;0,996;1;1;1;1;1;1;1;1;1;1;1;1;1;1;1;1;1;1;1;1;1;1;1;1;1;1;1;1;1;1;1;1;1;1;1;1;1;1;1;1;1;1;1;1;1;1;1;1;1;1;1;1;1;1;1;1;1;1;1
239;PS;0;0;0;0;0;0;0;0;0;0;0;0;0;0;0;0;0;0;0;0;0;0;0;0;0;0;0;0;0;0;0;0;0;0;0;0;0;0;0;0;0;0;0;0;0;0;0;0;0;0;0;0;0;0;0;0;0;0;0;0;0;0;0;0;0;0;0;0;0;0;0;0;0;0;0;0;0;0;0;0;0;0;0;0;0;0;0;0;0;0;0;0;0;0;0;0;0;0;0;0
240;PS;0;0;0;0;0;0;0;0;0;0;0;0;0;0;0;0;0;0;0;0;0;0;0;0;0;0;0;0;0;0;0;0;0;0;0;0;0;0;0;0;0;0;0;0;0;0;0;0;0;0;0;0;0;0;0;0;0;0;0;0;0;0;0;0;0;0;0;0;0;0;0;0;0;0;0;0;0;0;0;0;0;0;0;0;0;0;0;0;0;0;0;0;0;0;0;0;0;0;0;0
241;PS;0;0;0;0;0;0;0;0;0;0;0;0;0;0;0;0;0;0;0;0;0;0;0;0;0;0;0;0;0;0;0;0;0;0;0;0;0;0;0;0;0;0;0;0;0;0;0;0;0;0;0;0;0;0;0;0;0;0;0;0;0;0;0;0;0;0;0;0;0;0;0;0;0;0;0;0;0;0;0;0;0;0;0;0;0;0;0;0;0;0;0;0;0;0;0;0;0;0;0;0
242;PS;0,106;0,103;0,098;0,115;0,109;0,106;0,157;0,151;0,18;0,207;0,218;0,274;0,251;0,286;0,309;0,33;0,344;0,379;0,398;0,424;0,473;0,47;0,535;0,569;0,558;0,552;0,621;0,628;0,658;0,667;0,682;0,705;0,744;0,751;0,759;0,77;0,791;0,817;0,814;0,856;0,848;0,868;0,84;0,875;0,862;0,894;0,897;0,903;0,903;0,915;0,932;0,933;0,947;0,944;0,946;0,959;0,95;0,974;0,968;0,962;0,975;0,98;0,971;0,994;0,987;0,984;0,988;0,992;0,991;0,988;0,992;0,998;1;1;1;1;1;1;1;1;1;1;1;1;1;1;1;1;1;1;1;1;1;1;1;1;1;1;1;1
243;PS;0;0;0;0;0;0;0;0;0;0;0;0;0;0;0;0;0;0;0;0;0;0;0;0;0;0;0;0;0;0;0;0;0;0;0;0;0;0;0;0;0;0;0;0;0;0;0;0;0;0;0;0;0;0;0;0;0;0;0;0;0;0;0;0;0;0;0;0;0;0;0;0;0;0;0;0;0;0;0;0;0;0;0;0;0;0;0;0;0;0;0;0;0;0;0;0;0;0;0;0
244;PS;0,081;0,087;0,112;0,099;0,097;0,125;0,136;0,155;0,172;0,177;0,189;0,216;0,247;0,271;0,269;0,315;0,339;0,349;0,385;0,42;0,484;0,484;0,516;0,583;0,547;0,624;0,605;0,657;0,69;0,725;0,724;0,752;0,764;0,787;0,82;0,836;0,845;0,867;0,872;0,891;0,907;0,914;0,92;0,941;0,951;0,963;0,956;0,967;0,963;0,972;0,972;0,979;0,982;0,985;0,986;0,993;0,989;0,992;0,998;1;1;1;1;1;1;1;1;1;1;1;1;1;1;1;1;1;1;1;1;1;1;1;1;1;1;1;1;1;1;1;1;1;1;1;1;1;1;1;1;1
245;PS;0,098;0,101;0,126;0,121;0,143;0,157;0,204;0,238;0,253;0,305;0,33;0,402;0,443;0,506;0,529;0,591;0,61;0,637;0,716;0,743;0,755;0,789;0,81;0,83;0,872;0,878;0,892;0,92;0,93;0,949;0,954;0,967;0,959;0,967;0,979;0,985;0,98;0,984;0,992;0,991;0,992;0,996;1;1;1;1;1;1;1;1;1;1;1;1;1;1;1;1;1;1;1;1;1;1;1;1;1;1;1;1;1;1;1;1;1;1;1;1;1;1;1;1;1;1;1;1;1;1;1;1;1;1;1;1;1;1;1;1;1;1
246;PS;0;0;0;0;0;0;0;0;0;0;0;0;0;0;0;0;0;0;0;0;0;0;0;0;0;0;0;0;0;0;0;0;0;0;0;0;0;0;0;0;0;0;0;0;0;0;0;0;0;0;0;0;0;0;0;0;0;0;0;0;0;0;0;0;0;0;0;0;0;0;0;0;0;0;0;0;0;0;0;0;0;0;0;0;0;0;0;0;0;0;0;0;0;0;0;0;0;0;0;0
247;PS;0,096;0,099;0,11;0,109;0,113;0,123;0,128;0,147;0,165;0,147;0,186;0,195;0,22;0,242;0,258;0,272;0,278;0,309;0,35;0,339;0,404;0,386;0,428;0,441;0,467;0,482;0,488;0,518;0,55;0,556;0,566;0,623;0,624;0,62;0,657;0,687;0,668;0,703;0,733;0,73;0,748;0,765;0,782;0,81;0,806;0,842;0,825;0,828;0,828;0,875;0,855;0,87;0,896;0,896;0,921;0,92;0,926;0,942;0,932;0,928;0,939;0,94;0,96;0,951;0,967;0,972;0,984;0,974;0,982;0,99;0,981;0,984;0,992;0,992;0,991;0,991;0,997;1;1;1;1;1;1;1;1;1;1;1;1;1;1;1;1;1;1;1;1;1;1;1
248;PS;0,095;0,092;0,118;0,096;0,097;0,102;0,102;0,126;0,152;0,144;0,156;0,166;0,181;0,181;0,22;0,235;0,247;0,27;0,298;0,336;0,371;0,389;0,429;0,456;0,488;0,519;0,546;0,555;0,617;0,659;0,683;0,712;0,729;0,781;0,79;0,832;0,85;0,864;0,875;0,91;0,919;0,918;0,944;0,954;0,955;0,963;0,979;0,977;0,982;0,991;0,992;0,995;1;1;1;1;1;1;1;1;1;1;1;1;1;1;1;1;1;1;1;1;1;1;1;1;1;1;1;1;1;1;1;1;1;1;1;1;1;1;1;1;1;1;1;1;1;1;1;1
249;PS;0;0;0;0;0;0;0;0;0;0;0;0;0;0;0;0;0;0;0;0;0;0;0;0;0;0;0;0;0;0;0;0;0;0;0;0;0;0;0;0;0;0;0;0;0;0;0;0;0;0;0;0;0;0;0;0;0;0;0;0;0;0;0;0;0;0;0;0;0;0;0;0;0;0;0;0;0;0;0;0;0;0;0;0;0;0;0;0;0;0;0;0;0;0;0;0;0;0;0;0
250;PS;0,104;0,106;0,1;0,092;0,082;0,123;0,107;0,115;0,114;0,112;0,137;0,12;0,136;0,144;0,15;0,131;0,168;0,173;0,198;0,2;0,206;0,243;0,238;0,244;0,275;0,305;0,295;0,352;0,359;0,368;0,397;0,424;0,425;0,478;0,482;0,551;0,546;0,54;0,564;0,593;0,624;0,641;0,663;0,7;0,739;0,743;0,771;0,795;0,813;0,806;0,847;0,877;0,889;0,903;0,906;0,932;0,937;0,95;0,965;0,965;0,966;0,983;0,973;0,986;0,989;0,992;0,996;1;1;1;1;1;1;1;1;1;1;1;1;1;1;1;1;1;1;1;1;1;1;1;1;1;1;1;1;1;1;1;1;1
251;PS;0;0;0;0;0;0;0;0;0;0;0;0;0;0;0;0;0;0;0;0;0;0;0;0;0;0;0;0;0;0;0;0;0;0;0;0;0;0;0;0;0;0;0;0;0;0;0;0;0;0;0;0;0;0;0;0;0;0;0;0;0;0;0;0;0;0;0;0;0;0;0;0;0;0;0;0;0;0;0;0;0;0;0;0;0;0;0;0;0;0;0;0;0;0;0;0;0;0;0;0
252;PS;0,103;0,116;0,111;0,099;0,103;0,11;0,101;0,11;0,136;0,12;0,144;0,136;0,112;0,122;0,141;0,145;0,18;0,181;0,16;0,196;0,197;0,237;0,228;0,25;0,253;0,268;0,297;0,323;0,317;0,338;0,366;0,345;0,378;0,443;0,438;0,494;0,487;0,514;0,512;0,572;0,574;0,596;0,631;0,641;0,7;0,697;0,741;0,733;0,756;0,79;0,782;0,814;0,833;0,853;0,869;0,893;0,897;0,917;0,939;0,931;0,95;0,945;0,959;0,965;0,967;0,975;0,983;0,989;0,99;0,992;0,993;0,998;1;1;1;1;1;1;1;1;1;1;1;1;1;1;1;1;1;1;1;1;1;1;1;1;1;1;1;1
253;PS;0,091;0,089;0,105;0,095;0,104;0,115;0,15;0,128;0,166;0,158;0,198;0,235;0,255;0,276;0,302;0,308;0,375;0,384;0,419;0,466;0,525;0,544;0,583;0,636;0,644;0,689;0,728;0,73;0,791;0,809;0,845;0,842;0,869;0,896;0,912;0,913;0,941;0,946;0,964;0,962;0,97;0,974;0,977;0,979;0,985;0,99;0,995;1;1;1;1;1;1;1;1;1;1;1;1;1;1;1;1;1;1;1;1;1;1;1;1;1;1;1;1;1;1;1;1;1;1;1;1;1;1;1;1;1;1;1;1;1;1;1;1;1;1;1;1;1
254;PS;0;0;0;0;0;0;0;0;0;0;0;0;0;0;0;0;0;0;0;0;0;0;0;0;0;0;0;0;0;0;0;0;0;0;0;0;0;0;0;0;0;0;0;0;0;0;0;0;0;0;0;0;0;0;0;0;0;0;0;0;0;0;0;0;0;0;0;0;0;0;0;0;0;0;0;0;0;0;0;0;0;0;0;0;0;0;0;0;0;0;0;0;0;0;0;0;0;0;0;0
255;PS;0;0;0;0;0;0;0;0;0;0;0;0;0;0;0;0;0;0;0;0;0;0;0;0;0;0;0;0;0;0;0;0;0;0;0;0;0;0;0;0;0;0;0;0;0;0;0;0;0;0;0;0;0;0;0;0;0;0;0;0;0;0;0;0;0;0;0;0;0;0;0;0;0;0;0;0;0;0;0;0;0;0;0;0;0;0;0;0;0;0;0;0;0;0;0;0;0;0;0;0
256;PS;0,119;0,118;0,099;0,108;0,1;0,111;0,097;0,096;0,109;0,123;0,104;0,123;0,11;0,12;0,103;0,125;0,144;0,148;0,144;0,128;0,148;0,131;0,16;0,152;0,186;0,157;0,201;0,192;0,16;0,207;0,204;0,199;0,214;0,245;0,24;0,252;0,258;0,24;0,277;0,258;0,27;0,295;0,316;0,309;0,313;0,323;0,349;0,344;0,351;0,39;0,387;0,408;0,428;0,416;0,435;0,435;0,446;0,48;0,497;0,512;0,529;0,535;0,572;0,573;0,583;0,61;0,602;0,637;0,656;0,67;0,672;0,713;0,735;0,694;0,761;0,747;0,794;0,809;0,826;0,843;0,868;0,872;0,866;0,908;0,912;0,925;0,934;0,961;0,973;0,974;0,987;0,986;0,993;0,996;1;1;1;1;1;1
257;PS;0,096;0,098;0,1;0,116;0,107;0,095;0,115;0,129;0,114;0,151;0,161;0,158;0,176;0,157;0,185;0,199;0,21;0,241;0,28;0,262;0,293;0,314;0,323;0,349;0,388;0,398;0,475;0,471;0,509;0,547;0,555;0,595;0,608;0,625;0,685;0,708;0,724;0,74;0,802;0,808;0,829;0,827;0,883;0,863;0,901;0,894;0,93;0,946;0,948;0,951;0,966;0,969;0,978;0,982;0,98;0,989;0,991;0,991;0,999;1;1;1;1;1;1;1;1;1;1;1;1;1;1;1;1;1;1;1;1;1;1;1;1;1;1;1;1;1;1;1;1;1;1;1;1;1;1;1;1;1
258;PS;0,111;0,121;0,104;0,126;0,116;0,141;0,146;0,19;0,211;0,235;0,278;0,333;0,389;0,45;0,527;0,583;0,648;0,712;0,752;0,795;0,841;0,913;0,916;0,943;0,955;0,973;0,977;0,988;0,993;0,995;1;1;1;1;1;1;1;1;1;1;1;1;1;1;1;1;1;1;1;1;1;1;1;1;1;1;1;1;1;1;1;1;1;1;1;1;1;1;1;1;1;1;1;1;1;1;1;1;1;1;1;1;1;1;1;1;1;1;1;1;1;1;1;1;1;1;1;1;1;1
259;PS;0,089;0,107;0,098;0,105;0,102;0,097;0,109;0,109;0,131;0,132;0,165;0,147;0,166;0,156;0,198;0,218;0,241;0,243;0,242;0,282;0,262;0,288;0,33;0,382;0,371;0,389;0,421;0,456;0,475;0,501;0,534;0,555;0,589;0,616;0,666;0,664;0,708;0,707;0,74;0,789;0,797;0,806;0,812;0,858;0,854;0,882;0,87;0,91;0,934;0,922;0,94;0,95;0,956;0,958;0,978;0,971;0,98;0,981;0,983;0,991;0,995;1;1;1;1;1;1;1;1;1;1;1;1;1;1;1;1;1;1;1;1;1;1;1;1;1;1;1;1;1;1;1;1;1;1;1;1;1;1;1
260;PS;0;0;0;0;0;0;0;0;0;0;0;0;0;0;0;0;0;0;0;0;0;0;0;0;0;0;0;0;0;0;0;0;0;0;0;0;0;0;0;0;0;0;0;0;0;0;0;0;0;0;0;0;0;0;0;0;0;0;0;0;0;0;0;0;0;0;0;0;0;0;0;0;0;0;0;0;0;0;0;0;0;0;0;0;0;0;0;0;0;0;0;0;0;0;0;0;0;0;0;0
261;PS;0,093;0,102;0,099;0,109;0,107;0,112;0,114;0,143;0,13;0,174;0,162;0,18;0,196;0,236;0,226;0,29;0,286;0,338;0,36;0,371;0,414;0,449;0,529;0,524;0,547;0,593;0,62;0,665;0,69;0,71;0,742;0,797;0,807;0,819;0,846;0,851;0,88;0,904;0,914;0,935;0,937;0,963;0,969;0,968;0,971;0,978;0,983;0,982;0,993;0,992;0,993;0,998;1;1;1;1;1;1;1;1;1;1;1;1;1;1;1;1;1;1;1;1;1;1;1;1;1;1;1;1;1;1;1;1;1;1;1;1;1;1;1;1;1;1;1;1;1;1;1;1
262;PS;0,097;0,102;0,1;0,119;0,102;0,122;0,126;0,121;0,134;0,141;0,156;0,163;0,191;0,204;0,208;0,243;0,253;0,292;0,324;0,375;0,392;0,414;0,464;0,511;0,529;0,554;0,598;0,66;0,712;0,718;0,789;0,817;0,833;0,843;0,89;0,903;0,906;0,947;0,952;0,952;0,974;0,975;0,985;0,991;0,991;0,991;0,992;1;1;1;1;1;1;1;1;1;1;1;1;1;1;1;1;1;1;1;1;1;1;1;1;1;1;1;1;1;1;1;1;1;1;1;1;1;1;1;1;1;1;1;1;1;1;1;1;1;1;1;1;1
263;PS;0,098;0,096;0,113;0,111;0,104;0,124;0,098;0,122;0,126;0,151;0,156;0,134;0,189;0,156;0,182;0,199;0,214;0,242;0,245;0,238;0,263;0,302;0,316;0,348;0,367;0,393;0,406;0,391;0,431;0,515;0,477;0,517;0,53;0,539;0,59;0,645;0,623;0,662;0,674;0,701;0,729;0,764;0,775;0,801;0,832;0,844;0,845;0,856;0,879;0,912;0,895;0,899;0,928;0,941;0,949;0,945;0,963;0,968;0,959;0,974;0,985;0,987;0,985;0,988;0,993;0,997;1;1;1;1;1;1;1;1;1;1;1;1;1;1;1;1;1;1;1;1;1;1;1;1;1;1;1;1;1;1;1;1;1;1
264;PS;0,117;0,11;0,107;0,092;0,108;0,116;0,114;0,129;0,159;0,159;0,178;0,188;0,199;0,225;0,258;0,31;0,32;0,336;0,383;0,45;0,481;0,502;0,542;0,589;0,619;0,647;0,703;0,744;0,753;0,798;0,828;0,859;0,861;0,902;0,919;0,931;0,942;0,96;0,969;0,97;0,984;0,982;0,987;0,989;0,994;0,992;0,995;1;1;1;1;1;1;1;1;1;1;1;1;1;1;1;1;1;1;1;1;1;1;1;1;1;1;1;1;1;1;1;1;1;1;1;1;1;1;1;1;1;1;1;1;1;1;1;1;1;1;1;1;1
265;PS;0,105;0,099;0,107;0,121;0,102;0,139;0,157;0,171;0,201;0,243;0,276;0,347;0,374;0,402;0,477;0,548;0,596;0,615;0,66;0,731;0,763;0,779;0,834;0,858;0,886;0,904;0,936;0,938;0,961;0,971;0,965;0,965;0,987;0,979;0,985;0,991;0,992;0,998;1;1;1;1;1;1;1;1;1;1;1;1;1;1;1;1;1;1;1;1;1;1;1;1;1;1;1;1;1;1;1;1;1;1;1;1;1;1;1;1;1;1;1;1;1;1;1;1;1;1;1;1;1;1;1;1;1;1;1;1;1;1
266;PS;0,084;0,119;0,112;0,101;0,088;0,101;0,111;0,123;0,112;0,101;0,123;0,13;0,134;0,154;0,127;0,134;0,156;0,18;0,173;0,174;0,195;0,183;0,195;0,213;0,229;0,23;0,23;0,252;0,257;0,261;0,275;0,263;0,3;0,319;0,315;0,325;0,354;0,348;0,387;0,371;0,412;0,407;0,406;0,447;0,477;0,456;0,467;0,5;0,503;0,5;0,547;0,548;0,57;0,591;0,591;0,595;0,646;0,632;0,669;0,642;0,689;0,716;0,724;0,73;0,746;0,772;0,779;0,794;0,815;0,812;0,824;0,843;0,849;0,849;0,893;0,883;0,906;0,918;0,915;0,932;0,937;0,957;0,955;0,958;0,975;0,98;0,984;0,985;0,989;0,995;1;1;1;1;1;1;1;1;1;1
267;PS;0,102;0,097;0,089;0,102;0,101;0,086;0,14;0,13;0,136;0,137;0,132;0,131;0,144;0,16;0,149;0,177;0,173;0,192;0,202;0,219;0,242;0,245;0,272;0,277;0,289;0,313;0,331;0,341;0,368;0,366;0,399;0,404;0,455;0,483;0,478;0,524;0,521;0,524;0,532;0,553;0,598;0,599;0,638;0,709;0,67;0,708;0,719;0,735;0,764;0,774;0,805;0,81;0,82;0,854;0,857;0,887;0,902;0,904;0,927;0,945;0,935;0,946;0,952;0,96;0,968;0,976;0,977;0,992;0,988;0,993;0,992;0,989;0,992;0,995;1;1;1;1;1;1;1;1;1;1;1;1;1;1;1;1;1;1;1;1;1;1;1;1;1;1
268;PS;0;0;0;0;0;0;0;0;0;0;0;0;0;0;0;0;0;0;0;0;0;0;0;0;0;0;0;0;0;0;0;0;0;0;0;0;0;0;0;0;0;0;0;0;0;0;0;0;0;0;0;0;0;0;0;0;0;0;0;0;0;0;0;0;0;0;0;0;0;0;0;0;0;0;0;0;0;0;0;0;0;0;0;0;0;0;0;0;0;0;0;0;0;0;0;0;0;0;0;0
269;PS;0;0;0;0;0;0;0;0;0;0;0;0;0;0;0;0;0;0;0;0;0;0;0;0;0;0;0;0;0;0;0;0;0;0;0;0;0;0;0;0;0;0;0;0;0;0;0;0;0;0;0;0;0;0;0;0;0;0;0;0;0;0;0;0;0;0;0;0;0;0;0;0;0;0;0;0;0;0;0;0;0;0;0;0;0;0;0;0;0;0;0;0;0;0;0;0;0;0;0;0
270;PS;0,096;0,115;0,114;0,098;0,109;0,105;0,116;0,117;0,127;0,123;0,133;0,175;0,156;0,172;0,209;0,209;0,213;0,238;0,24;0,257;0,3;0,325;0,342;0,368;0,364;0,389;0,416;0,431;0,475;0,479;0,509;0,515;0,551;0,599;0,59;0,584;0,642;0,652;0,685;0,705;0,704;0,727;0,752;0,769;0,782;0,815;0,819;0,843;0,831;0,862;0,883;0,898;0,906;0,913;0,924;0,94;0,939;0,945;0,953;0,962;0,954;0,969;0,981;0,973;0,984;0,982;0,986;0,99;0,995;1;1;1;1;1;1;1;1;1;1;1;1;1;1;1;1;1;1;1;1;1;1;1;1;1;1;1;1;1;1;1
271;PS;0,095;0,084;0,094;0,116;0,106;0,103;0,114;0,123;0,116;0,161;0,154;0,171;0,168;0,167;0,232;0,228;0,265;0,259;0,293;0,302;0,309;0,366;0,36;0,403;0,385;0,474;0,491;0,529;0,559;0,59;0,648;0,666;0,681;0,683;0,728;0,779;0,8;0,804;0,829;0,857;0,881;0,88;0,907;0,928;0,935;0,95;0,961;0,946;0,961;0,975;0,976;0,988;0,989;0,987;0,991;0,99;0,997;1;1;1;1;1;1;1;1;1;1;1;1;1;1;1;1;1;1;1;1;1;1;1;1;1;1;1;1;1;1;1;1;1;1;1;1;1;1;1;1;1;1;1
272;PS;0,102;0,113;0,093;0,096;0,08;0,103;0,106;0,111;0,112;0,102;0,094;0,115;0,102;0,108;0,109;0,109;0,121;0,128;0,118;0,138;0,133;0,129;0,159;0,153;0,16;0,158;0,145;0,164;0,171;0,174;0,2;0,194;0,207;0,213;0,238;0,242;0,219;0,231;0,245;0,244;0,252;0,289;0,285;0,29;0,315;0,319;0,304;0,322;0,34;0,336;0,388;0,362;0,385;0,409;0,409;0,439;0,438;0,459;0,481;0,478;0,495;0,508;0,52;0,563;0,575;0,579;0,595;0,589;0,61;0,612;0,663;0,663;0,678;0,719;0,706;0,759;0,762;0,795;0,804;0,825;0,834;0,858;0,875;0,892;0,904;0,925;0,923;0,948;0,959;0,976;0,973;0,992;0,99;0,998;1;1;1;1;1;1
273;PS;0;0;0;0;0;0;0;0;0;0;0;0;0;0;0;0;0;0;0;0;0;0;0;0;0;0;0;0;0;0;0;0;0;0;0;0;0;0;0;0;0;0;0;0;0;0;0;0;0;0;0;0;0;0;0;0;0;0;0;0;0;0;0;0;0;0;0;0;0;0;0;0;0;0;0;0;0;0;0;0;0;0;0;0;0;0;0;0;0;0;0;0;0;0;0;0;0;0;0;0
274;PS;0,107;0,111;0,102;0,095;0,114;0,096;0,106;0,117;0,138;0,132;0,14;0,143;0,156;0,164;0,151;0,174;0,2;0,209;0,209;0,242;0,268;0,219;0,297;0,273;0,309;0,33;0,36;0,355;0,374;0,403;0,451;0,449;0,474;0,504;0,506;0,556;0,538;0,581;0,595;0,637;0,637;0,681;0,677;0,728;0,746;0,751;0,77;0,805;0,82;0,824;0,862;0,851;0,882;0,894;0,895;0,927;0,922;0,934;0,952;0,954;0,96;0,97;0,969;0,984;0,983;0,983;0,981;0,985;0,996;1;1;1;1;1;1;1;1;1;1;1;1;1;1;1;1;1;1;1;1;1;1;1;1;1;1;1;1;1;1;1
275;PS;0,117;0,106;0,106;0,105;0,113;0,107;0,143;0,145;0,122;0,177;0,173;0,225;0,251;0,255;0,288;0,301;0,34;0,369;0,403;0,428;0,488;0,475;0,574;0,555;0,608;0,64;0,686;0,718;0,73;0,763;0,798;0,827;0,837;0,867;0,902;0,909;0,911;0,933;0,95;0,951;0,973;0,971;0,977;0,975;0,985;0,985;0,988;0,991;0,995;1;1;1;1;1;1;1;1;1;1;1;1;1;1;1;1;1;1;1;1;1;1;1;1;1;1;1;1;1;1;1;1;1;1;1;1;1;1;1;1;1;1;1;1;1;1;1;1;1;1;1
276;PS;0,107;0,092;0,093;0,082;0,118;0,127;0,104;0,106;0,145;0,119;0,129;0,145;0,134;0,154;0,142;0,172;0,176;0,177;0,186;0,203;0,215;0,228;0,252;0,259;0,279;0,27;0,3;0,29;0,311;0,342;0,366;0,36;0,384;0,385;0,405;0,402;0,428;0,446;0,46;0,482;0,509;0,483;0,541;0,529;0,532;0,567;0,582;0,59;0,613;0,645;0,632;0,652;0,674;0,697;0,702;0,687;0,709;0,762;0,727;0,768;0,776;0,811;0,81;0,832;0,829;0,856;0,851;0,868;0,893;0,885;0,893;0,899;0,917;0,93;0,929;0,936;0,932;0,955;0,967;0,952;0,962;0,974;0,984;0,977;0,984;0,992;0,992;0,993;0,998;1;1;1;1;1;1;1;1;1;1;1
277;PS;0,115;0,096;0,109;0,112;0,089;0,12;0,117;0,139;0,135;0,137;0,147;0,146;0,153;0,18;0,211;0,215;0,244;0,274;0,255;0,312;0,334;0,349;0,348;0,377;0,424;0,449;0,468;0,479;0,539;0,549;0,562;0,619;0,637;0,64;0,659;0,724;0,735;0,733;0,795;0,793;0,798;0,808;0,856;0,853;0,87;0,88;0,907;0,919;0,923;0,927;0,941;0,957;0,957;0,96;0,967;0,972;0,973;0,978;0,986;0,99;0,992;0,989;0,986;0,993;0,998;1;1;1;1;1;1;1;1;1;1;1;1;1;1;1;1;1;1;1;1;1;1;1;1;1;1;1;1;1;1;1;1;1;1;1
278;PS;0,102;0,09;0,109;0,117;0,125;0,13;0,127;0,154;0,169;0,179;0,193;0,189;0,204;0,214;0,265;0,271;0,303;0,342;0,365;0,417;0,404;0,474;0,529;0,53;0,586;0,619;0,669;0,676;0,722;0,757;0,784;0,816;0,837;0,868;0,882;0,907;0,918;0,937;0,935;0,966;0,957;0,968;0,976;0,986;0,989;0,99;0,988;0,995;1;1;1;1;1;1;1;1;1;1;1;1;1;1;1;1;1;1;1;1;1;1;1;1;1;1;1;1;1;1;1;1;1;1;1;1;1;1;1;1;1;1;1;1;1;1;1;1;1;1;1;1
279;PS;0,105;0,095;0,11;0,096;0,109;0,115;0,118;0,112;0,115;0,12;0,116;0,128;0,144;0,139;0,17;0,164;0,19;0,191;0,171;0,229;0,25;0,252;0,283;0,281;0,327;0,306;0,338;0,326;0,392;0,439;0,423;0,445;0,465;0,516;0,548;0,545;0,579;0,622;0,61;0,652;0,645;0,71;0,699;0,728;0,753;0,781;0,808;0,83;0,857;0,846;0,892;0,9;0,915;0,916;0,93;0,939;0,947;0,955;0,963;0,974;0,981;0,983;0,991;0,986;0,993;0,993;0,992;0,998;1;1;1;1;1;1;1;1;1;1;1;1;1;1;1;1;1;1;1;1;1;1;1;1;1;1;1;1;1;1;1;1
280;PS;0,099;0,101;0,114;0,093;0,111;0,112;0,123;0,131;0,137;0,125;0,157;0,145;0,15;0,176;0,195;0,198;0,24;0,254;0,273;0,274;0,315;0,319;0,355;0,393;0,435;0,438;0,476;0,482;0,508;0,523;0,563;0,57;0,607;0,635;0,634;0,723;0,704;0,725;0,768;0,769;0,777;0,788;0,831;0,849;0,868;0,874;0,898;0,907;0,923;0,914;0,943;0,946;0,937;0,951;0,96;0,977;0,968;0,986;0,985;0,993;0,993;0,992;0,996;1;1;1;1;1;1;1;1;1;1;1;1;1;1;1;1;1;1;1;1;1;1;1;1;1;1;1;1;1;1;1;1;1;1;1;1;1
281;PS;0;0;0;0;0;0;0;0;0;0;0;0;0;0;0;0;0;0;0;0;0;0;0;0;0;0;0;0;0;0;0;0;0;0;0;0;0;0;0;0;0;0;0;0;0;0;0;0;0;0;0;0;0;0;0;0;0;0;0;0;0;0;0;0;0;0;0;0;0;0;0;0;0;0;0;0;0;0;0;0;0;0;0;0;0;0;0;0;0;0;0;0;0;0;0;0;0;0;0;0
282;PS;0;0;0;0;0;0;0;0;0;0;0;0;0;0;0;0;0;0;0;0;0;0;0;0;0;0;0;0;0;0;0;0;0;0;0;0;0;0;0;0;0;0;0;0;0;0;0;0;0;0;0;0;0;0;0;0;0;0;0;0;0;0;0;0;0;0;0;0;0;0;0;0;0;0;0;0;0;0;0;0;0;0;0;0;0;0;0;0;0;0;0;0;0;0;0;0;0;0;0;0
283;PS;0;0;0;0;0;0;0;0;0;0;0;0;0;0;0;0;0;0;0;0;0;0;0;0;0;0;0;0;0;0;0;0;0;0;0;0;0;0;0;0;0;0;0;0;0;0;0;0;0;0;0;0;0;0;0;0;0;0;0;0;0;0;0;0;0;0;0;0;0;0;0;0;0;0;0;0;0;0;0;0;0;0;0;0;0;0;0;0;0;0;0;0;0;0;0;0;0;0;0;0
284;PS;0;0;0;0;0;0;0;0;0;0;0;0;0;0;0;0;0;0;0;0;0;0;0;0;0;0;0;0;0;0;0;0;0;0;0;0;0;0;0;0;0;0;0;0;0;0;0;0;0;0;0;0;0;0;0;0;0;0;0;0;0;0;0;0;0;0;0;0;0;0;0;0;0;0;0;0;0;0;0;0;0;0;0;0;0;0;0;0;0;0;0;0;0;0;0;0;0;0;0;0
285;PS;0;0;0;0;0;0;0;0;0;0;0;0;0;0;0;0;0;0;0;0;0;0;0;0;0;0;0;0;0;0;0;0;0;0;0;0;0;0;0;0;0;0;0;0;0;0;0;0;0;0;0;0;0;0;0;0;0;0;0;0;0;0;0;0;0;0;0;0;0;0;0;0;0;0;0;0;0;0;0;0;0;0;0;0;0;0;0;0;0;0;0;0;0;0;0;0;0;0;0;0
286;PS;0,098;0,098;0,106;0,097;0,097;0,089;0,101;0,105;0,104;0,101;0,117;0,136;0,136;0,102;0,114;0,142;0,155;0,145;0,147;0,146;0,173;0,163;0,181;0,177;0,189;0,195;0,206;0,213;0,207;0,206;0,237;0,237;0,265;0,253;0,299;0,283;0,272;0,325;0,338;0,342;0,368;0,359;0,359;0,386;0,371;0,404;0,437;0,441;0,421;0,47;0,459;0,477;0,517;0,513;0,548;0,548;0,58;0,566;0,597;0,606;0,592;0,654;0,62;0,678;0,659;0,692;0,703;0,744;0,757;0,744;0,786;0,798;0,806;0,786;0,843;0,851;0,856;0,866;0,881;0,897;0,918;0,919;0,942;0,945;0,957;0,961;0,971;0,973;0,986;0,986;0,989;0,992;0,997;1;1;1;1;1;1;1
287;PS;0;0;0;0;0;0;0;0;0;0;0;0;0;0;0;0;0;0;0;0;0;0;0;0;0;0;0;0;0;0;0;0;0;0;0;0;0;0;0;0;0;0;0;0;0;0;0;0;0;0;0;0;0;0;0;0;0;0;0;0;0;0;0;0;0;0;0;0;0;0;0;0;0;0;0;0;0;0;0;0;0;0;0;0;0;0;0;0;0;0;0;0;0;0;0;0;0;0;0;0
288;PS;0,094;0,121;0,085;0,106;0,109;0,106;0,123;0,103;0,108;0,108;0,115;0,095;0,111;0,126;0,129;0,102;0,118;0,122;0,133;0,15;0,144;0,161;0,146;0,162;0,176;0,181;0,179;0,216;0,193;0,205;0,225;0,223;0,227;0,258;0,268;0,278;0,301;0,315;0,322;0,339;0,356;0,345;0,367;0,399;0,434;0,425;0,446;0,459;0,456;0,513;0,523;0,519;0,588;0,599;0,608;0,668;0,653;0,686;0,7;0,7;0,752;0,759;0,794;0,823;0,829;0,859;0,857;0,873;0,901;0,905;0,913;0,939;0,953;0,955;0,973;0,985;0,971;0,989;0,99;0,995;1;1;1;1;1;1;1;1;1;1;1;1;1;1;1;1;1;1;1;1
289;PS;0,102;0,096;0,087;0,096;0,109;0,115;0,108;0,129;0,142;0,125;0,155;0,158;0,157;0,16;0,191;0,213;0,196;0,201;0,252;0,227;0,295;0,309;0,323;0,33;0,356;0,372;0,424;0,43;0,448;0,475;0,526;0,555;0,595;0,634;0,646;0,66;0,681;0,711;0,741;0,765;0,802;0,83;0,811;0,856;0,882;0,894;0,904;0,931;0,935;0,944;0,953;0,973;0,976;0,978;0,975;0,981;0,99;0,995;1;1;1;1;1;1;1;1;1;1;1;1;1;1;1;1;1;1;1;1;1;1;1;1;1;1;1;1;1;1;1;1;1;1;1;1;1;1;1;1;1;1
290;PS;0,098;0,101;0,091;0,106;0,103;0,111;0,114;0,118;0,132;0,147;0,118;0,132;0,149;0,16;0,166;0,178;0,187;0,21;0,223;0,225;0,247;0,257;0,287;0,29;0,302;0,321;0,347;0,397;0,389;0,414;0,413;0,447;0,442;0,514;0,496;0,533;0,517;0,556;0,569;0,613;0,608;0,637;0,641;0,686;0,677;0,724;0,739;0,763;0,784;0,779;0,768;0,803;0,839;0,807;0,864;0,86;0,872;0,867;0,895;0,894;0,896;0,908;0,919;0,916;0,942;0,94;0,952;0,963;0,968;0,973;0,971;0,975;0,975;0,981;0,989;0,989;0,993;0,997;1;1;1;1;1;1;1;1;1;1;1;1;1;1;1;1;1;1;1;1;1;1
291;PS;0,105;0,099;0,112;0,126;0,117;0,116;0,113;0,113;0,131;0,119;0,146;0,138;0,148;0,163;0,171;0,2;0,224;0,22;0,22;0,234;0,264;0,298;0,304;0,317;0,33;0,355;0,422;0,449;0,443;0,492;0,519;0,576;0,593;0,6;0,661;0,657;0,687;0,722;0,786;0,805;0,801;0,837;0,855;0,861;0,866;0,909;0,928;0,928;0,936;0,948;0,973;0,973;0,98;0,984;0,987;0,991;0,991;0,995;1;1;1;1;1;1;1;1;1;1;1;1;1;1;1;1;1;1;1;1;1;1;1;1;1;1;1;1;1;1;1;1;1;1;1;1;1;1;1;1;1;1
292;PS;0;0;0;0;0;0;0;0;0;0;0;0;0;0;0;0;0;0;0;0;0;0;0;0;0;0;0;0;0;0;0;0;0;0;0;0;0;0;0;0;0;0;0;0;0;0;0;0;0;0;0;0;0;0;0;0;0;0;0;0;0;0;0;0;0;0;0;0;0;0;0;0;0;0;0;0;0;0;0;0;0;0;0;0;0;0;0;0;0;0;0;0;0;0;0;0;0;0;0;0
293;PS;0,084;0,12;0,095;0,108;0,104;0,109;0,115;0,12;0,105;0,125;0,121;0,125;0,134;0,111;0,155;0,139;0,128;0,165;0,16;0,161;0,164;0,17;0,211;0,19;0,21;0,201;0,221;0,231;0,221;0,234;0,259;0,255;0,265;0,278;0,274;0,31;0,326;0,354;0,379;0,357;0,402;0,395;0,435;0,415;0,462;0,513;0,464;0,508;0,495;0,531;0,567;0,587;0,605;0,581;0,665;0,652;0,663;0,68;0,683;0,732;0,752;0,763;0,772;0,81;0,823;0,815;0,84;0,833;0,862;0,882;0,889;0,936;0,921;0,928;0,933;0,959;0,961;0,966;0,979;0,981;0,987;0,986;0,986;0,99;0,995;1;1;1;1;1;1;1;1;1;1;1;1;1;1;1
294;PS;0,112;0,105;0,091;0,091;0,105;0,115;0,116;0,108;0,094;0,1;0,096;0,094;0,132;0,108;0,13;0,108;0,106;0,117;0,124;0,129;0,117;0,136;0,116;0,112;0,122;0,13;0,14;0,133;0,127;0,141;0,149;0,146;0,155;0,153;0,157;0,14;0,145;0,167;0,141;0,169;0,177;0,187;0,191;0,178;0,2;0,205;0,215;0,213;0,241;0,227;0,204;0,244;0,243;0,263;0,257;0,276;0,266;0,297;0,3;0,285;0,333;0,314;0,349;0,346;0,348;0,375;0,385;0,388;0,454;0,462;0,463;0,467;0,478;0,491;0,547;0,523;0,572;0,587;0,619;0,641;0,684;0,701;0,714;0,761;0,769;0,821;0,839;0,866;0,902;0,906;0,941;0,959;0,976;0,985;0,992;0,998;1;1;1;1
295;PS;0,094;0,099;0,115;0,141;0,194;0,268;0,324;0,431;0,54;0,67;0,759;0,859;0,932;0,972;0,988;0,992;0,998;1;1;1;1;1;1;1;1;1;1;1;1;1;1;1;1;1;1;1;1;1;1;1;1;1;1;1;1;1;1;1;1;1;1;1;1;1;1;1;1;1;1;1;1;1;1;1;1;1;1;1;1;1;1;1;1;1;1;1;1;1;1;1;1;1;1;1;1;1;1;1;1;1;1;1;1;1;1;1;1;1;1;1
296;PS;0;0;0;0;0;0;0;0;0;0;0;0;0;0;0;0;0;0;0;0;0;0;0;0;0;0;0;0;0;0;0;0;0;0;0;0;0;0;0;0;0;0;0;0;0;0;0;0;0;0;0;0;0;0;0;0;0;0;0;0;0;0;0;0;0;0;0;0;0;0;0;0;0;0;0;0;0;0;0;0;0;0;0;0;0;0;0;0;0;0;0;0;0;0;0;0;0;0;0;0
297;PS;0,108;0,113;0,103;0,098;0,098;0,102;0,117;0,104;0,132;0,114;0,132;0,116;0,151;0,136;0,157;0,161;0,209;0,198;0,208;0,212;0,222;0,241;0,242;0,271;0,29;0,307;0,278;0,345;0,333;0,362;0,369;0,399;0,428;0,405;0,473;0,503;0,526;0,532;0,568;0,567;0,608;0,616;0,621;0,679;0,67;0,673;0,717;0,759;0,779;0,775;0,783;0,818;0,839;0,831;0,863;0,89;0,898;0,92;0,913;0,92;0,944;0,943;0,951;0,953;0,968;0,973;0,969;0,983;0,983;0,984;0,991;0,993;0,99;0,998;1;1;1;1;1;1;1;1;1;1;1;1;1;1;1;1;1;1;1;1;1;1;1;1;1;1
298;PS;0;0;0;0;0;0;0;0;0;0;0;0;0;0;0;0;0;0;0;0;0;0;0;0;0;0;0;0;0;0;0;0;0;0;0;0;0;0;0;0;0;0;0;0;0;0;0;0;0;0;0;0;0;0;0;0;0;0;0;0;0;0;0;0;0;0;0;0;0;0;0;0;0;0;0;0;0;0;0;0;0;0;0;0;0;0;0;0;0;0;0;0;0;0;0;0;0;0;0;0
299;PS;0,103;0,092;0,119;0,103;0,085;0,124;0,115;0,12;0,116;0,127;0,141;0,135;0,154;0,176;0,133;0,158;0,198;0,182;0,219;0,225;0,25;0,247;0,259;0,303;0,306;0,368;0,333;0,397;0,406;0,419;0,456;0,472;0,539;0,538;0,567;0,589;0,633;0,649;0,66;0,706;0,724;0,717;0,761;0,795;0,819;0,806;0,842;0,866;0,9;0,898;0,905;0,922;0,93;0,953;0,961;0,965;0,976;0,965;0,988;0,983;0,987;0,994;0,994;0,992;0,995;1;1;1;1;1;1;1;1;1;1;1;1;1;1;1;1;1;1;1;1;1;1;1;1;1;1;1;1;1;1;1;1;1;1;1
300;PS;0,091;0,105;0,095;0,099;0,111;0,105;0,135;0,142;0,15;0,133;0,167;0,205;0,222;0,214;0,25;0,288;0,302;0,328;0,382;0,42;0,445;0,498;0,513;0,576;0,61;0,646;0,682;0,726;0,768;0,785;0,814;0,854;0,881;0,889;0,922;0,934;0,954;0,963;0,969;0,971;0,983;0,991;0,995;1;1;1;1;1;1;1;1;1;1;1;1;1;1;1;1;1;1;1;1;1;1;1;1;1;1;1;1;1;1;1;1;1;1;1;1;1;1;1;1;1;1;1;1;1;1;1;1;1;1;1;1;1;1;1;1;1
301;PS;0,104;0,072;0,108;0,086;0,102;0,102;0,091;0,125;0,116;0,122;0,153;0,14;0,151;0,167;0,195;0,187;0,204;0,199;0,218;0,244;0,281;0,291;0,291;0,321;0,312;0,349;0,381;0,396;0,422;0,455;0,457;0,468;0,495;0,534;0,571;0,559;0,602;0,624;0,642;0,686;0,692;0,717;0,709;0,758;0,778;0,763;0,798;0,844;0,849;0,87;0,878;0,879;0,909;0,89;0,929;0,939;0,939;0,953;0,961;0,97;0,966;0,972;0,979;0,978;0,987;0,983;0,992;0,994;0,993;0,995;1;1;1;1;1;1;1;1;1;1;1;1;1;1;1;1;1;1;1;1;1;1;1;1;1;1;1;1;1;1
302;PS;0,099;0,09;0,108;0,103;0,097;0,12;0,12;0,138;0,142;0,161;0,164;0,183;0,181;0,221;0,242;0,258;0,302;0,356;0,349;0,428;0,443;0,467;0,539;0,584;0,592;0,669;0,685;0,747;0,791;0,835;0,851;0,907;0,915;0,937;0,96;0,97;0,982;0,983;0,989;0,995;1;1;1;1;1;1;1;1;1;1;1;1;1;1;1;1;1;1;1;1;1;1;1;1;1;1;1;1;1;1;1;1;1;1;1;1;1;1;1;1;1;1;1;1;1;1;1;1;1;1;1;1;1;1;1;1;1;1;1;1
303;PS;0,11;0,092;0,097;0,102;0,088;0,121;0,101;0,109;0,117;0,13;0,104;0,123;0,139;0,157;0,16;0,162;0,168;0,187;0,17;0,195;0,192;0,218;0,217;0,234;0,23;0,241;0,257;0,281;0,299;0,278;0,292;0,33;0,362;0,362;0,377;0,396;0,371;0,424;0,402;0,456;0,453;0,468;0,502;0,497;0,512;0,542;0,545;0,59;0,548;0,583;0,613;0,616;0,623;0,645;0,661;0,687;0,668;0,688;0,733;0,72;0,748;0,751;0,757;0,779;0,799;0,798;0,815;0,842;0,856;0,847;0,856;0,877;0,879;0,887;0,903;0,928;0,911;0,938;0,935;0,947;0,955;0,969;0,974;0,978;0,981;0,979;0,992;0,983;0,994;0,996;1;1;1;1;1;1;1;1;1;1
304;PS;0,115;0,094;0,107;0,104;0,124;0,115;0,096;0,108;0,12;0,119;0,127;0,14;0,161;0,156;0,163;0,18;0,179;0,201;0,211;0,23;0,241;0,258;0,271;0,271;0,301;0,329;0,338;0,352;0,38;0,411;0,424;0,488;0,474;0,488;0,546;0,564;0,576;0,644;0,651;0,661;0,707;0,726;0,746;0,78;0,803;0,816;0,855;0,849;0,882;0,896;0,907;0,931;0,935;0,942;0,939;0,961;0,955;0,978;0,984;0,985;0,991;0,985;0,998;1;1;1;1;1;1;1;1;1;1;1;1;1;1;1;1;1;1;1;1;1;1;1;1;1;1;1;1;1;1;1;1;1;1;1;1;1
305;PS;0,094;0,106;0,099;0,104;0,106;0,103;0,113;0,109;0,116;0,117;0,133;0,106;0,131;0,115;0,134;0,116;0,14;0,152;0,152;0,143;0,149;0,18;0,173;0,181;0,2;0,186;0,23;0,228;0,203;0,248;0,249;0,261;0,263;0,279;0,288;0,317;0,323;0,344;0,357;0,373;0,366;0,419;0,384;0,475;0,482;0,482;0,483;0,51;0,536;0,557;0,547;0,629;0,626;0,634;0,686;0,697;0,72;0,703;0,728;0,759;0,799;0,786;0,814;0,835;0,842;0,853;0,869;0,899;0,916;0,916;0,936;0,942;0,953;0,965;0,962;0,972;0,979;0,98;0,991;0,994;0,993;0,995;1;1;1;1;1;1;1;1;1;1;1;1;1;1;1;1;1;1
306;PS;0;0;0;0;0;0;0;0;0;0;0;0;0;0;0;0;0;0;0;0;0;0;0;0;0;0;0;0;0;0;0;0;0;0;0;0;0;0;0;0;0;0;0;0;0;0;0;0;0;0;0;0;0;0;0;0;0;0;0;0;0;0;0;0;0;0;0;0;0;0;0;0;0;0;0;0;0;0;0;0;0;0;0;0;0;0;0;0;0;0;0;0;0;0;0;0;0;0;0;0
307;PS;0;0;0;0;0;0;0;0;0;0;0;0;0;0;0;0;0;0;0;0;0;0;0;0;0;0;0;0;0;0;0;0;0;0;0;0;0;0;0;0;0;0;0;0;0;0;0;0;0;0;0;0;0;0;0;0;0;0;0;0;0;0;0;0;0;0;0;0;0;0;0;0;0;0;0;0;0;0;0;0;0;0;0;0;0;0;0;0;0;0;0;0;0;0;0;0;0;0;0;0
308;PS;0,1;0,091;0,112;0,096;0,12;0,128;0,112;0,131;0,148;0,147;0,16;0,153;0,164;0,176;0,186;0,206;0,241;0,216;0,255;0,278;0,268;0,323;0,337;0,363;0,374;0,415;0,436;0,43;0,477;0,505;0,479;0,552;0,594;0,589;0,597;0,633;0,672;0,683;0,714;0,722;0,776;0,781;0,79;0,829;0,843;0,847;0,872;0,886;0,884;0,906;0,918;0,933;0,937;0,94;0,945;0,965;0,973;0,978;0,977;0,978;0,983;0,984;0,992;0,987;0,99;0,997;1;1;1;1;1;1;1;1;1;1;1;1;1;1;1;1;1;1;1;1;1;1;1;1;1;1;1;1;1;1;1;1;1;1
309;PS;0,107;0,106;0,095;0,115;0,109;0,113;0,118;0,134;0,138;0,154;0,163;0,202;0,187;0,216;0,241;0,252;0,298;0,303;0,303;0,347;0,407;0,395;0,507;0,521;0,535;0,59;0,611;0,651;0,692;0,726;0,724;0,774;0,786;0,815;0,844;0,885;0,886;0,91;0,923;0,935;0,95;0,964;0,965;0,975;0,976;0,986;0,991;0,989;0,994;0,996;1;1;1;1;1;1;1;1;1;1;1;1;1;1;1;1;1;1;1;1;1;1;1;1;1;1;1;1;1;1;1;1;1;1;1;1;1;1;1;1;1;1;1;1;1;1;1;1;1;1
310;PS;0;0;0;0;0;0;0;0;0;0;0;0;0;0;0;0;0;0;0;0;0;0;0;0;0;0;0;0;0;0;0;0;0;0;0;0;0;0;0;0;0;0;0;0;0;0;0;0;0;0;0;0;0;0;0;0;0;0;0;0;0;0;0;0;0;0;0;0;0;0;0;0;0;0;0;0;0;0;0;0;0;0;0;0;0;0;0;0;0;0;0;0;0;0;0;0;0;0;0;0
311;PS;0,098;0,108;0,111;0,102;0,097;0,086;0,103;0,135;0,102;0,11;0,123;0,129;0,126;0,136;0,14;0,147;0,159;0,181;0,192;0,183;0,22;0,189;0,193;0,218;0,19;0,252;0,244;0,26;0,266;0,267;0,288;0,262;0,291;0,334;0,322;0,361;0,347;0,358;0,392;0,402;0,406;0,435;0,446;0,473;0,491;0,496;0,51;0,507;0,522;0,532;0,557;0,575;0,6;0,582;0,607;0,6;0,645;0,638;0,658;0,695;0,683;0,721;0,7;0,727;0,745;0,769;0,774;0,794;0,813;0,84;0,852;0,842;0,857;0,878;0,892;0,888;0,909;0,932;0,93;0,946;0,937;0,96;0,968;0,975;0,972;0,983;0,993;0,987;0,991;0,995;1;1;1;1;1;1;1;1;1;1
312;PS;0,093;0,121;0,129;0,18;0,221;0,251;0,295;0,34;0,393;0,435;0,466;0,497;0,565;0,614;0,655;0,673;0,697;0,735;0,77;0,803;0,819;0,858;0,852;0,887;0,927;0,945;0,965;0,967;0,995;1;1;1;1;1;1;1;1;1;1;1;1;1;1;1;1;1;1;1;1;1;1;1;1;1;1;1;1;1;1;1;1;1;1;1;1;1;1;1;1;1;1;1;1;1;1;1;1;1;1;1;1;1;1;1;1;1;1;1;1;1;1;1;1;1;1;1;1;1;1;1
313;PS;0,083;0,101;0,084;0,129;0,105;0,087;0,115;0,126;0,097;0,104;0,136;0,112;0,121;0,126;0,133;0,133;0,126;0,133;0,156;0,163;0,145;0,184;0,167;0,176;0,174;0,181;0,209;0,217;0,203;0,203;0,224;0,225;0,263;0,247;0,269;0,277;0,297;0,293;0,301;0,293;0,321;0,33;0,319;0,368;0,355;0,36;0,43;0,403;0,417;0,416;0,428;0,453;0,473;0,477;0,498;0,506;0,544;0,522;0,574;0,563;0,561;0,597;0,598;0,618;0,646;0,645;0,664;0,694;0,707;0,72;0,755;0,737;0,769;0,778;0,817;0,819;0,813;0,864;0,861;0,86;0,899;0,9;0,923;0,94;0,949;0,956;0,961;0,978;0,976;0,981;0,991;0,988;0,998;1;1;1;1;1;1;1
314;PS;0,109;0,096;0,114;0,093;0,096;0,097;0,122;0,12;0,104;0,12;0,14;0,143;0,14;0,147;0,149;0,18;0,18;0,189;0,16;0,171;0,205;0,237;0,228;0,246;0,265;0,261;0,277;0,288;0,324;0,347;0,319;0,359;0,349;0,373;0,407;0,442;0,445;0,46;0,513;0,503;0,521;0,515;0,57;0,592;0,597;0,603;0,624;0,632;0,682;0,691;0,7;0,717;0,746;0,751;0,778;0,789;0,814;0,819;0,844;0,836;0,878;0,854;0,902;0,904;0,925;0,929;0,931;0,937;0,939;0,961;0,963;0,969;0,97;0,979;0,989;0,986;0,989;0,992;0,996;1;1;1;1;1;1;1;1;1;1;1;1;1;1;1;1;1;1;1;1;1
315;PS;0,099;0,104;0,1;0,089;0,096;0,102;0,101;0,11;0,117;0,105;0,108;0,127;0,113;0,118;0,134;0,12;0,125;0,117;0,15;0,149;0,162;0,15;0,164;0,153;0,178;0,192;0,194;0,203;0,184;0,209;0,202;0,237;0,222;0,267;0,242;0,304;0,3;0,291;0,294;0,332;0,311;0,345;0,331;0,387;0,402;0,435;0,444;0,458;0,51;0,476;0,509;0,509;0,541;0,512;0,569;0,564;0,59;0,623;0,641;0,658;0,656;0,68;0,699;0,747;0,751;0,74;0,769;0,785;0,827;0,834;0,841;0,87;0,867;0,906;0,903;0,907;0,94;0,925;0,955;0,962;0,975;0,975;0,978;0,991;0,985;0,993;0,994;0,997;1;1;1;1;1;1;1;1;1;1;1;1
316;PS;0,096;0,097;0,087;0,116;0,105;0,109;0,112;0,12;0,116;0,129;0,152;0,142;0,142;0,15;0,165;0,184;0,174;0,218;0,187;0,203;0,237;0,248;0,255;0,279;0,303;0,316;0,326;0,344;0,353;0,384;0,399;0,404;0,429;0,44;0,467;0,518;0,529;0,527;0,571;0,602;0,614;0,627;0,687;0,663;0,692;0,722;0,72;0,763;0,761;0,782;0,8;0,817;0,848;0,871;0,859;0,867;0,894;0,918;0,9;0,922;0,924;0,937;0,952;0,959;0,963;0,966;0,965;0,982;0,978;0,995;1;1;1;1;1;1;1;1;1;1;1;1;1;1;1;1;1;1;1;1;1;1;1;1;1;1;1;1;1;1
317;PS;0,102;0,099;0,106;0,103;0,105;0,099;0,125;0,116;0,123;0,134;0,164;0,174;0,192;0,199;0,221;0,234;0,275;0,265;0,295;0,356;0,34;0,385;0,39;0,446;0,477;0,504;0,521;0,578;0,61;0,663;0,688;0,696;0,738;0,786;0,809;0,828;0,853;0,875;0,894;0,904;0,925;0,948;0,961;0,959;0,962;0,978;0,984;0,987;0,989;0,989;0,994;0,996;1;1;1;1;1;1;1;1;1;1;1;1;1;1;1;1;1;1;1;1;1;1;1;1;1;1;1;1;1;1;1;1;1;1;1;1;1;1;1;1;1;1;1;1;1;1;1;1
318;PS;0,095;0,08;0,121;0,101;0,098;0,1;0,121;0,119;0,092;0,133;0,124;0,131;0,121;0,122;0,131;0,124;0,146;0,141;0,158;0,163;0,18;0,173;0,203;0,213;0,229;0,221;0,237;0,231;0,271;0,285;0,296;0,29;0,262;0,304;0,288;0,319;0,352;0,371;0,366;0,38;0,389;0,407;0,433;0,457;0,458;0,438;0,483;0,526;0,502;0,52;0,535;0,532;0,554;0,538;0,604;0,622;0,621;0,636;0,652;0,677;0,665;0,669;0,709;0,719;0,708;0,764;0,764;0,781;0,778;0,803;0,816;0,829;0,838;0,863;0,868;0,88;0,891;0,906;0,918;0,939;0,942;0,936;0,958;0,95;0,969;0,979;0,978;0,992;0,99;0,994;0,994;0,997;1;1;1;1;1;1;1;1
319;PS;0,101;0,123;0,101;0,095;0,124;0,109;0,148;0,137;0,171;0,178;0,193;0,221;0,261;0,281;0,334;0,377;0,417;0,478;0,512;0,572;0,573;0,679;0,731;0,729;0,794;0,822;0,864;0,884;0,914;0,936;0,952;0,968;0,981;0,991;0,994;0,998;1;1;1;1;1;1;1;1;1;1;1;1;1;1;1;1;1;1;1;1;1;1;1;1;1;1;1;1;1;1;1;1;1;1;1;1;1;1;1;1;1;1;1;1;1;1;1;1;1;1;1;1;1;1;1;1;1;1;1;1;1;1;1;1
320;PS;0,09;0,088;0,105;0,105;0,107;0,114;0,121;0,125;0,12;0,148;0,14;0,141;0,172;0,189;0,182;0,194;0,205;0,225;0,239;0,276;0,281;0,27;0,329;0,307;0,334;0,35;0,354;0,371;0,407;0,451;0,388;0,48;0,472;0,485;0,519;0,542;0,551;0,532;0,559;0,615;0,625;0,627;0,627;0,656;0,657;0,71;0,693;0,709;0,707;0,716;0,771;0,78;0,814;0,795;0,818;0,811;0,828;0,853;0,864;0,871;0,863;0,864;0,892;0,905;0,904;0,927;0,929;0,924;0,958;0,957;0,941;0,955;0,954;0,971;0,974;0,984;0,979;0,984;0,988;0,991;0,991;0,996;1;1;1;1;1;1;1;1;1;1;1;1;1;1;1;1;1;1
321;PS;0;0;0;0;0;0;0;0;0;0;0;0;0;0;0;0;0;0;0;0;0;0;0;0;0;0;0;0;0;0;0;0;0;0;0;0;0;0;0;0;0;0;0;0;0;0;0;0;0;0;0;0;0;0;0;0;0;0;0;0;0;0;0;0;0;0;0;0;0;0;0;0;0;0;0;0;0;0;0;0;0;0;0;0;0;0;0;0;0;0;0;0;0;0;0;0;0;0;0;0
322;PS;0;0;0;0;0;0;0;0;0;0;0;0;0;0;0;0;0;0;0;0;0;0;0;0;0;0;0;0;0;0;0;0;0;0;0;0;0;0;0;0;0;0;0;0;0;0;0;0;0;0;0;0;0;0;0;0;0;0;0;0;0;0;0;0;0;0;0;0;0;0;0;0;0;0;0;0;0;0;0;0;0;0;0;0;0;0;0;0;0;0;0;0;0;0;0;0;0;0;0;0
323;PS;0,112;0,112;0,108;0,116;0,102;0,105;0,132;0,132;0,125;0,144;0,158;0,138;0,145;0,171;0,212;0,193;0,239;0,272;0,248;0,275;0,318;0,327;0,328;0,394;0,395;0,424;0,448;0,486;0,545;0,524;0,543;0,586;0,617;0,658;0,657;0,719;0,717;0,763;0,761;0,772;0,822;0,839;0,862;0,869;0,872;0,903;0,92;0,925;0,934;0,953;0,964;0,971;0,968;0,974;0,977;0,982;0,988;0,99;0,995;1;1;1;1;1;1;1;1;1;1;1;1;1;1;1;1;1;1;1;1;1;1;1;1;1;1;1;1;1;1;1;1;1;1;1;1;1;1;1;1;1
324;PS;0,118;0,09;0,105;0,099;0,097;0,11;0,116;0,118;0,117;0,145;0,134;0,131;0,151;0,152;0,15;0,183;0,182;0,171;0,214;0,209;0,237;0,26;0,27;0,258;0,298;0,304;0,312;0,332;0,36;0,373;0,371;0,424;0,454;0,463;0,489;0,503;0,557;0,554;0,583;0,612;0,606;0,652;0,668;0,693;0,712;0,72;0,728;0,756;0,765;0,816;0,827;0,83;0,85;0,873;0,887;0,893;0,896;0,927;0,941;0,945;0,954;0,959;0,961;0,966;0,97;0,972;0,982;0,992;0,994;0,992;0,994;0,993;0,994;0,998;1;1;1;1;1;1;1;1;1;1;1;1;1;1;1;1;1;1;1;1;1;1;1;1;1;1
325;PS;0,107;0,096;0,118;0,096;0,095;0,109;0,106;0,122;0,123;0,111;0,125;0,124;0,127;0,145;0,148;0,143;0,172;0,152;0,165;0,184;0,194;0,216;0,197;0,222;0,255;0,237;0,254;0,25;0,29;0,309;0,314;0,338;0,386;0,393;0,414;0,405;0,443;0,458;0,455;0,492;0,534;0,531;0,548;0,564;0,617;0,646;0,651;0,676;0,702;0,715;0,74;0,756;0,778;0,779;0,833;0,824;0,865;0,884;0,88;0,91;0,904;0,924;0,938;0,951;0,96;0,961;0,963;0,97;0,978;0,984;0,99;0,991;0,993;0,999;1;1;1;1;1;1;1;1;1;1;1;1;1;1;1;1;1;1;1;1;1;1;1;1;1;1
326;PS;0,12;0,097;0,103;0,108;0,095;0,116;0,101;0,126;0,11;0,121;0,112;0,133;0,135;0,141;0,172;0,175;0,176;0,157;0,203;0,238;0,23;0,231;0,25;0,25;0,279;0,273;0,291;0,306;0,306;0,325;0,355;0,367;0,356;0,396;0,411;0,416;0,435;0,464;0,487;0,485;0,55;0,517;0,557;0,552;0,567;0,6;0,595;0,6;0,639;0,65;0,674;0,683;0,693;0,705;0,712;0,724;0,773;0,78;0,767;0,806;0,811;0,819;0,838;0,851;0,866;0,858;0,876;0,895;0,914;0,911;0,915;0,933;0,919;0,932;0,963;0,962;0,955;0,961;0,968;0,982;0,976;0,974;0,989;0,992;0,992;0,999;1;1;1;1;1;1;1;1;1;1;1;1;1;1
327;PS;0;0;0;0;0;0;0;0;0;0;0;0;0;0;0;0;0;0;0;0;0;0;0;0;0;0;0;0;0;0;0;0;0;0;0;0;0;0;0;0;0;0;0;0;0;0;0;0;0;0;0;0;0;0;0;0;0;0;0;0;0;0;0;0;0;0;0;0;0;0;0;0;0;0;0;0;0;0;0;0;0;0;0;0;0;0;0;0;0;0;0;0;0;0;0;0;0;0;0;0
328;PS;0,099;0,085;0,088;0,118;0,108;0,095;0,108;0,104;0,113;0,116;0,121;0,151;0,144;0,161;0,158;0,174;0,192;0,203;0,195;0,244;0,229;0,264;0,263;0,276;0,308;0,316;0,329;0,358;0,355;0,378;0,437;0,439;0,46;0,52;0,505;0,518;0,577;0,598;0,619;0,645;0,68;0,71;0,712;0,748;0,736;0,793;0,798;0,827;0,83;0,877;0,885;0,915;0,905;0,913;0,933;0,931;0,955;0,957;0,963;0,967;0,978;0,976;0,98;0,992;0,994;0,995;1;1;1;1;1;1;1;1;1;1;1;1;1;1;1;1;1;1;1;1;1;1;1;1;1;1;1;1;1;1;1;1;1;1
329;PS;0,097;0,09;0,094;0,125;0,106;0,127;0,128;0,159;0,178;0,206;0,242;0,301;0,28;0,35;0,415;0,435;0,488;0,532;0,57;0,643;0,663;0,724;0,765;0,8;0,822;0,851;0,883;0,891;0,923;0,954;0,96;0,975;0,975;0,98;0,982;0,989;0,99;0,996;1;1;1;1;1;1;1;1;1;1;1;1;1;1;1;1;1;1;1;1;1;1;1;1;1;1;1;1;1;1;1;1;1;1;1;1;1;1;1;1;1;1;1;1;1;1;1;1;1;1;1;1;1;1;1;1;1;1;1;1;1;1
330;PS;0,112;0,091;0,108;0,108;0,112;0,108;0,111;0,116;0,138;0,141;0,132;0,118;0,143;0,143;0,167;0,156;0,145;0,186;0,185;0,206;0,189;0,223;0,227;0,223;0,247;0,243;0,273;0,283;0,303;0,322;0,338;0,334;0,322;0,386;0,392;0,39;0,434;0,436;0,452;0,476;0,501;0,518;0,529;0,565;0,562;0,591;0,606;0,649;0,641;0,67;0,672;0,71;0,716;0,73;0,748;0,775;0,801;0,804;0,812;0,853;0,839;0,853;0,873;0,884;0,889;0,911;0,933;0,932;0,944;0,954;0,95;0,965;0,963;0,967;0,98;0,983;0,985;0,987;0,992;0,993;0,996;1;1;1;1;1;1;1;1;1;1;1;1;1;1;1;1;1;1;1
331;PS;0,104;0,103;0,094;0,089;0,091;0,117;0,091;0,112;0,122;0,114;0,132;0,129;0,131;0,144;0,156;0,145;0,174;0,169;0,199;0,213;0,203;0,241;0,234;0,236;0,261;0,263;0,296;0,292;0,323;0,298;0,301;0,357;0,357;0,38;0,39;0,411;0,397;0,412;0,453;0,495;0,502;0,522;0,501;0,536;0,54;0,545;0,543;0,606;0,597;0,597;0,622;0,644;0,629;0,7;0,658;0,703;0,722;0,703;0,74;0,755;0,739;0,745;0,809;0,789;0,813;0,828;0,844;0,839;0,863;0,88;0,868;0,894;0,901;0,921;0,945;0,939;0,951;0,952;0,954;0,953;0,965;0,967;0,976;0,975;0,983;0,987;0,992;0,995;1;1;1;1;1;1;1;1;1;1;1;1
332;PS;0,091;0,119;0,098;0,103;0,131;0,128;0,138;0,157;0,185;0,206;0,213;0,236;0,252;0,267;0,284;0,334;0,329;0,396;0,382;0,412;0,43;0,483;0,486;0,527;0,547;0,552;0,556;0,58;0,632;0,639;0,666;0,683;0,735;0,715;0,722;0,756;0,776;0,779;0,798;0,809;0,813;0,84;0,844;0,859;0,868;0,887;0,877;0,902;0,894;0,928;0,918;0,929;0,931;0,924;0,944;0,945;0,952;0,959;0,97;0,972;0,972;0,975;0,976;0,976;0,977;0,984;0,989;0,984;0,994;0,987;0,991;0,999;1;1;1;1;1;1;1;1;1;1;1;1;1;1;1;1;1;1;1;1;1;1;1;1;1;1;1;1
333;PS;0,09;0,098;0,098;0,107;0,095;0,104;0,113;0,119;0,132;0,104;0,119;0,137;0,152;0,169;0,172;0,19;0,197;0,22;0,21;0,237;0,253;0,273;0,294;0,316;0,356;0,339;0,401;0,388;0,428;0,422;0,483;0,498;0,499;0,547;0,581;0,568;0,57;0,646;0,645;0,689;0,721;0,741;0,767;0,771;0,779;0,803;0,847;0,854;0,858;0,87;0,893;0,911;0,91;0,921;0,94;0,951;0,959;0,968;0,967;0,972;0,977;0,984;0,981;0,987;0,994;0,994;1;1;1;1;1;1;1;1;1;1;1;1;1;1;1;1;1;1;1;1;1;1;1;1;1;1;1;1;1;1;1;1;1;1
334;PS;0,097;0,129;0,097;0,103;0,102;0,105;0,11;0,118;0,122;0,113;0,127;0,135;0,127;0,148;0,144;0,164;0,167;0,16;0,186;0,202;0,197;0,227;0,225;0,232;0,235;0,255;0,286;0,263;0,31;0,301;0,329;0,358;0,344;0,36;0,405;0,384;0,396;0,418;0,443;0,475;0,488;0,488;0,498;0,531;0,575;0,592;0,612;0,595;0,619;0,653;0,654;0,64;0,672;0,668;0,708;0,738;0,749;0,746;0,759;0,78;0,783;0,785;0,812;0,814;0,83;0,863;0,891;0,862;0,883;0,911;0,901;0,918;0,934;0,945;0,941;0,958;0,963;0,966;0,976;0,974;0,976;0,983;0,991;0,985;0,985;0,999;1;1;1;1;1;1;1;1;1;1;1;1;1;1
335;PS;0,101;0,103;0,115;0,103;0,104;0,109;0,116;0,124;0,117;0,138;0,142;0,155;0,175;0,213;0,212;0,235;0,26;0,269;0,296;0,304;0,339;0,38;0,404;0,42;0,453;0,482;0,515;0,516;0,559;0,599;0,607;0,662;0,7;0,726;0,761;0,777;0,812;0,842;0,843;0,884;0,883;0,908;0,915;0,928;0,952;0,947;0,965;0,976;0,97;0,978;0,979;0,993;0,988;0,993;0,999;1;1;1;1;1;1;1;1;1;1;1;1;1;1;1;1;1;1;1;1;1;1;1;1;1;1;1;1;1;1;1;1;1;1;1;1;1;1;1;1;1;1;1;1;1
336;PS;0,094;0,084;0,11;0,093;0,113;0,127;0,105;0,148;0,155;0,153;0,153;0,2;0,201;0,216;0,233;0,248;0,269;0,269;0,284;0,331;0,344;0,391;0,381;0,408;0,43;0,434;0,466;0,472;0,548;0,514;0,566;0,604;0,57;0,616;0,639;0,662;0,661;0,683;0,718;0,72;0,741;0,759;0,755;0,786;0,785;0,793;0,837;0,825;0,845;0,862;0,869;0,887;0,883;0,902;0,9;0,92;0,917;0,942;0,934;0,946;0,949;0,955;0,964;0,956;0,971;0,969;0,978;0,984;0,977;0,987;0,987;0,987;0,99;0,99;0,996;1;1;1;1;1;1;1;1;1;1;1;1;1;1;1;1;1;1;1;1;1;1;1;1;1
337;PS;0,106;0,1;0,099;0,11;0,133;0,135;0,163;0,193;0,224;0,234;0,313;0,306;0,341;0,358;0,394;0,416;0,489;0,518;0,521;0,536;0,576;0,611;0,608;0,633;0,679;0,693;0,739;0,748;0,75;0,785;0,796;0,814;0,81;0,851;0,851;0,862;0,877;0,895;0,89;0,903;0,911;0,92;0,926;0,938;0,954;0,946;0,97;0,959;0,961;0,967;0,966;0,968;0,978;0,974;0,983;0,976;0,986;0,992;0,987;0,988;0,997;1;1;1;1;1;1;1;1;1;1;1;1;1;1;1;1;1;1;1;1;1;1;1;1;1;1;1;1;1;1;1;1;1;1;1;1;1;1;1
338;PS;0;0;0;0;0;0;0;0;0;0;0;0;0;0;0;0;0;0;0;0;0;0;0;0;0;0;0;0;0;0;0;0;0;0;0;0;0;0;0;0;0;0;0;0;0;0;0;0;0;0;0;0;0;0;0;0;0;0;0;0;0;0;0;0;0;0;0;0;0;0;0;0;0;0;0;0;0;0;0;0;0;0;0;0;0;0;0;0;0;0;0;0;0;0;0;0;0;0;0;0
339;PS;0,109;0,092;0,114;0,114;0,114;0,118;0,102;0,112;0,112;0,112;0,074;0,134;0,128;0,12;0,119;0,137;0,139;0,158;0,127;0,162;0,149;0,158;0,16;0,149;0,168;0,206;0,173;0,21;0,201;0,194;0,214;0,234;0,229;0,254;0,237;0,259;0,263;0,286;0,311;0,306;0,304;0,309;0,338;0,367;0,384;0,387;0,365;0,43;0,441;0,462;0,454;0,475;0,488;0,511;0,512;0,531;0,565;0,583;0,573;0,618;0,62;0,641;0,673;0,679;0,695;0,746;0,74;0,769;0,799;0,807;0,823;0,835;0,84;0,866;0,901;0,897;0,924;0,927;0,94;0,949;0,962;0,976;0,978;0,982;0,985;0,99;1;1;1;1;1;1;1;1;1;1;1;1;1;1
340;PS;0,099;0,106;0,09;0,092;0,084;0,108;0,118;0,129;0,136;0,167;0,156;0,187;0,202;0,246;0,234;0,262;0,298;0,361;0,365;0,368;0,444;0,448;0,489;0,519;0,588;0,581;0,602;0,661;0,701;0,732;0,762;0,796;0,813;0,844;0,858;0,89;0,883;0,936;0,941;0,953;0,956;0,966;0,978;0,975;0,984;0,986;0,994;0,994;0,995;1;1;1;1;1;1;1;1;1;1;1;1;1;1;1;1;1;1;1;1;1;1;1;1;1;1;1;1;1;1;1;1;1;1;1;1;1;1;1;1;1;1;1;1;1;1;1;1;1;1;1
341;PS;0,087;0,098;0,093;0,093;0,095;0,126;0,116;0,131;0,143;0,151;0,148;0,2;0,179;0,184;0,231;0,275;0,29;0,32;0,284;0,341;0,354;0,394;0,451;0,467;0,501;0,536;0,55;0,599;0,643;0,648;0,697;0,7;0,74;0,749;0,783;0,811;0,836;0,853;0,884;0,884;0,896;0,905;0,923;0,921;0,944;0,948;0,962;0,968;0,972;0,981;0,988;0,991;0,99;0,989;0,991;0,998;1;1;1;1;1;1;1;1;1;1;1;1;1;1;1;1;1;1;1;1;1;1;1;1;1;1;1;1;1;1;1;1;1;1;1;1;1;1;1;1;1;1;1;1
342;PS;0;0;0;0;0;0;0;0;0;0;0;0;0;0;0;0;0;0;0;0;0;0;0;0;0;0;0;0;0;0;0;0;0;0;0;0;0;0;0;0;0;0;0;0;0;0;0;0;0;0;0;0;0;0;0;0;0;0;0;0;0;0;0;0;0;0;0;0;0;0;0;0;0;0;0;0;0;0;0;0;0;0;0;0;0;0;0;0;0;0;0;0;0;0;0;0;0;0;0;0
343;PS;0,095;0,092;0,103;0,109;0,113;0,102;0,112;0,116;0,111;0,129;0,13;0,145;0,14;0,137;0,139;0,142;0,176;0,177;0,176;0,183;0,21;0,235;0,244;0,241;0,26;0,291;0,294;0,311;0,331;0,367;0,361;0,357;0,371;0,384;0,418;0,436;0,461;0,488;0,507;0,5;0,549;0,567;0,573;0,627;0,626;0,63;0,67;0,669;0,665;0,711;0,727;0,729;0,767;0,783;0,781;0,795;0,833;0,843;0,839;0,853;0,877;0,9;0,903;0,908;0,908;0,938;0,947;0,947;0,946;0,963;0,961;0,977;0,98;0,982;0,982;0,991;0,991;0,995;1;1;1;1;1;1;1;1;1;1;1;1;1;1;1;1;1;1;1;1;1;1
344;PS;0,103;0,09;0,111;0,098;0,105;0,101;0,1;0,103;0,123;0,127;0,148;0,157;0,131;0,172;0,191;0,198;0,205;0,225;0,265;0,271;0,289;0,337;0,332;0,332;0,403;0,4;0,45;0,471;0,535;0,531;0,586;0,602;0,674;0,703;0,735;0,729;0,765;0,803;0,839;0,861;0,866;0,883;0,916;0,94;0,94;0,957;0,96;0,97;0,983;0,989;0,985;0,994;0,998;1;1;1;1;1;1;1;1;1;1;1;1;1;1;1;1;1;1;1;1;1;1;1;1;1;1;1;1;1;1;1;1;1;1;1;1;1;1;1;1;1;1;1;1;1;1;1
345;PS;0,117;0,092;0,1;0,107;0,104;0,097;0,1;0,109;0,105;0,112;0,114;0,132;0,15;0,128;0,142;0,154;0,147;0,158;0,177;0,196;0,196;0,209;0,218;0,224;0,248;0,262;0,291;0,307;0,291;0,32;0,323;0,361;0,379;0,408;0,429;0,442;0,445;0,449;0,471;0,529;0,548;0,543;0,56;0,567;0,629;0,619;0,642;0,671;0,701;0,702;0,743;0,764;0,787;0,81;0,814;0,847;0,862;0,857;0,881;0,889;0,904;0,935;0,911;0,93;0,94;0,954;0,954;0,968;0,977;0,965;0,986;0,986;0,99;0,986;0,997;1;1;1;1;1;1;1;1;1;1;1;1;1;1;1;1;1;1;1;1;1;1;1;1;1
346;PS;0,106;0,096;0,097;0,113;0,113;0,096;0,107;0,137;0,133;0,149;0,15;0,165;0,165;0,181;0,217;0,212;0,225;0,233;0,238;0,266;0,334;0,315;0,35;0,381;0,385;0,419;0,463;0,475;0,495;0,524;0,556;0,565;0,614;0,601;0,657;0,672;0,716;0,72;0,737;0,785;0,794;0,828;0,821;0,831;0,867;0,881;0,89;0,908;0,925;0,933;0,943;0,944;0,963;0,965;0,966;0,973;0,979;0,983;0,989;0,988;0,995;1;1;1;1;1;1;1;1;1;1;1;1;1;1;1;1;1;1;1;1;1;1;1;1;1;1;1;1;1;1;1;1;1;1;1;1;1;1;1
347;PS;0,104;0,095;0,103;0,105;0,122;0,125;0,128;0,158;0,15;0,181;0,17;0,197;0,214;0,263;0,252;0,29;0,315;0,349;0,359;0,398;0,43;0,458;0,495;0,524;0,561;0,589;0,598;0,656;0,645;0,721;0,712;0,722;0,78;0,799;0,789;0,861;0,862;0,876;0,868;0,894;0,919;0,923;0,941;0,942;0,965;0,947;0,974;0,971;0,974;0,978;0,982;0,985;0,984;0,989;0,993;0,998;1;1;1;1;1;1;1;1;1;1;1;1;1;1;1;1;1;1;1;1;1;1;1;1;1;1;1;1;1;1;1;1;1;1;1;1;1;1;1;1;1;1;1;1
348;PS;0,109;0,108;0,1;0,11;0,107;0,105;0,122;0,118;0,129;0,152;0,152;0,163;0,171;0,154;0,245;0,214;0,239;0,248;0,263;0,296;0,308;0,363;0,367;0,409;0,423;0,458;0,464;0,499;0,522;0,571;0,588;0,625;0,639;0,68;0,68;0,724;0,738;0,757;0,813;0,812;0,833;0,835;0,894;0,885;0,899;0,93;0,937;0,945;0,944;0,959;0,967;0,969;0,975;0,985;0,986;0,987;0,996;1;1;1;1;1;1;1;1;1;1;1;1;1;1;1;1;1;1;1;1;1;1;1;1;1;1;1;1;1;1;1;1;1;1;1;1;1;1;1;1;1;1;1
349;PS;0,093;0,11;0,121;0,093;0,109;0,1;0,103;0,11;0,101;0,119;0,111;0,11;0,105;0,118;0,126;0,119;0,13;0,121;0,143;0,136;0,131;0,134;0,129;0,165;0,137;0,133;0,162;0,173;0,18;0,155;0,184;0,2;0,169;0,164;0,185;0,211;0,227;0,207;0,21;0,227;0,226;0,251;0,269;0,275;0,258;0,247;0,264;0,273;0,303;0,301;0,325;0,343;0,358;0,37;0,383;0,367;0,408;0,422;0,4;0,443;0,463;0,441;0,462;0,49;0,493;0,485;0,516;0,552;0,565;0,571;0,62;0,622;0,65;0,688;0,658;0,7;0,704;0,75;0,758;0,786;0,797;0,836;0,853;0,874;0,877;0,919;0,937;0,94;0,963;0,973;0,979;0,988;0,989;0,997;1;1;1;1;1;1
350;PS;0,112;0,086;0,102;0,113;0,11;0,114;0,112;0,127;0,135;0,14;0,146;0,155;0,153;0,16;0,187;0,207;0,21;0,234;0,257;0,265;0,299;0,328;0,345;0,395;0,395;0,417;0,422;0,462;0,498;0,515;0,543;0,58;0,582;0,633;0,63;0,679;0,689;0,716;0,746;0,788;0,776;0,788;0,84;0,857;0,87;0,865;0,9;0,907;0,912;0,927;0,953;0,95;0,964;0,969;0,966;0,979;0,978;0,987;0,985;0,992;0,991;0,998;1;1;1;1;1;1;1;1;1;1;1;1;1;1;1;1;1;1;1;1;1;1;1;1;1;1;1;1;1;1;1;1;1;1;1;1;1;1
351;PS;0,101;0,092;0,105;0,123;0,158;0,186;0,233;0,302;0,347;0,387;0,474;0,54;0,622;0,713;0,763;0,849;0,857;0,92;0,945;0,965;0,982;0,988;0,997;1;1;1;1;1;1;1;1;1;1;1;1;1;1;1;1;1;1;1;1;1;1;1;1;1;1;1;1;1;1;1;1;1;1;1;1;1;1;1;1;1;1;1;1;1;1;1;1;1;1;1;1;1;1;1;1;1;1;1;1;1;1;1;1;1;1;1;1;1;1;1;1;1;1;1;1;1
352;PS;0,103;0,106;0,095;0,092;0,108;0,117;0,134;0,136;0,166;0,168;0,2;0,218;0,226;0,244;0,283;0,27;0,314;0,365;0,411;0,437;0,511;0,519;0,577;0,616;0,685;0,688;0,743;0,765;0,783;0,818;0,89;0,873;0,904;0,906;0,94;0,949;0,961;0,971;0,976;0,978;0,986;0,991;0,993;0,998;1;1;1;1;1;1;1;1;1;1;1;1;1;1;1;1;1;1;1;1;1;1;1;1;1;1;1;1;1;1;1;1;1;1;1;1;1;1;1;1;1;1;1;1;1;1;1;1;1;1;1;1;1;1;1;1
353;PS;0,093;0,094;0,107;0,084;0,087;0,128;0,104;0,117;0,107;0,129;0,121;0,116;0,149;0,14;0,156;0,152;0,16;0,177;0,18;0,16;0,203;0,201;0,199;0,235;0,229;0,242;0,246;0,26;0,254;0,267;0,301;0,325;0,315;0,344;0,354;0,359;0,372;0,387;0,421;0,411;0,445;0,46;0,44;0,453;0,476;0,48;0,509;0,517;0,514;0,527;0,584;0,595;0,593;0,606;0,62;0,648;0,686;0,69;0,71;0,694;0,721;0,727;0,749;0,762;0,797;0,785;0,8;0,834;0,833;0,859;0,852;0,846;0,875;0,896;0,893;0,923;0,927;0,927;0,946;0,931;0,941;0,971;0,974;0,981;0,975;0,985;0,983;0,986;0,989;0,998;1;1;1;1;1;1;1;1;1;1
354;PS;0,108;0,113;0,096;0,116;0,121;0,13;0,157;0,162;0,212;0,266;0,291;0,3;0,367;0,4;0,479;0,527;0,597;0,657;0,732;0,772;0,833;0,843;0,906;0,918;0,955;0,964;0,98;0,987;0,991;0,992;0,999;1;1;1;1;1;1;1;1;1;1;1;1;1;1;1;1;1;1;1;1;1;1;1;1;1;1;1;1;1;1;1;1;1;1;1;1;1;1;1;1;1;1;1;1;1;1;1;1;1;1;1;1;1;1;1;1;1;1;1;1;1;1;1;1;1;1;1;1;1
355;PS;0,101;0,108;0,092;0,095;0,108;0,099;0,128;0,108;0,144;0,121;0,15;0,16;0,187;0,187;0,176;0,21;0,239;0,236;0,249;0,279;0,268;0,328;0,324;0,356;0,381;0,422;0,417;0,44;0,47;0,5;0,509;0,552;0,55;0,598;0,594;0,624;0,661;0,674;0,705;0,699;0,721;0,758;0,733;0,789;0,815;0,823;0,818;0,835;0,883;0,861;0,89;0,884;0,915;0,925;0,916;0,929;0,938;0,946;0,965;0,954;0,962;0,971;0,97;0,977;0,99;0,985;0,985;0,989;0,989;0,993;0,994;1;1;1;1;1;1;1;1;1;1;1;1;1;1;1;1;1;1;1;1;1;1;1;1;1;1;1;1;1
356;PS;0,093;0,096;0,106;0,112;0,127;0,144;0,146;0,146;0,166;0,168;0,198;0,229;0,222;0,258;0,295;0,328;0,318;0,368;0,389;0,405;0,454;0,453;0,499;0,528;0,557;0,597;0,615;0,627;0,666;0,684;0,715;0,734;0,753;0,794;0,807;0,792;0,846;0,848;0,857;0,876;0,905;0,918;0,915;0,933;0,939;0,926;0,958;0,956;0,95;0,971;0,967;0,969;0,97;0,984;0,985;0,984;0,988;0,993;0,996;1;1;1;1;1;1;1;1;1;1;1;1;1;1;1;1;1;1;1;1;1;1;1;1;1;1;1;1;1;1;1;1;1;1;1;1;1;1;1;1;1
357;PS;0,101;0,102;0,107;0,099;0,115;0,123;0,12;0,117;0,131;0,125;0,128;0,176;0,17;0,197;0,202;0,207;0,233;0,238;0,278;0,294;0,319;0,33;0,375;0,409;0,402;0,417;0,479;0,502;0,507;0,553;0,603;0,609;0,644;0,662;0,693;0,731;0,746;0,795;0,805;0,83;0,839;0,841;0,873;0,896;0,892;0,928;0,946;0,938;0,959;0,956;0,962;0,969;0,979;0,979;0,983;0,994;0,991;0,994;0,995;1;1;1;1;1;1;1;1;1;1;1;1;1;1;1;1;1;1;1;1;1;1;1;1;1;1;1;1;1;1;1;1;1;1;1;1;1;1;1;1;1
358;PS;0,092;0,094;0,111;0,141;0,119;0,158;0,158;0,186;0,208;0,253;0,273;0,332;0,392;0,403;0,474;0,521;0,579;0,631;0,682;0,719;0,754;0,807;0,847;0,875;0,899;0,918;0,947;0,961;0,961;0,962;0,978;0,987;0,982;0,994;0,994;0,996;1;1;1;1;1;1;1;1;1;1;1;1;1;1;1;1;1;1;1;1;1;1;1;1;1;1;1;1;1;1;1;1;1;1;1;1;1;1;1;1;1;1;1;1;1;1;1;1;1;1;1;1;1;1;1;1;1;1;1;1;1;1;1;1
359;PS;0,112;0,1;0,11;0,109;0,094;0,106;0,136;0,154;0,16;0,162;0,161;0,206;0,204;0,226;0,268;0,296;0,334;0,341;0,382;0,418;0,435;0,459;0,543;0,573;0,587;0,631;0,66;0,702;0,717;0,723;0,796;0,803;0,831;0,855;0,878;0,875;0,911;0,927;0,954;0,947;0,966;0,966;0,973;0,981;0,985;0,99;0,994;0,992;0,994;0,993;0,998;1;1;1;1;1;1;1;1;1;1;1;1;1;1;1;1;1;1;1;1;1;1;1;1;1;1;1;1;1;1;1;1;1;1;1;1;1;1;1;1;1;1;1;1;1;1;1;1;1
360;PS;0;0;0;0;0;0;0;0;0;0;0;0;0;0;0;0;0;0;0;0;0;0;0;0;0;0;0;0;0;0;0;0;0;0;0;0;0;0;0;0;0;0;0;0;0;0;0;0;0;0;0;0;0;0;0;0;0;0;0;0;0;0;0;0;0;0;0;0;0;0;0;0;0;0;0;0;0;0;0;0;0;0;0;0;0;0;0;0;0;0;0;0;0;0;0;0;0;0;0;0
361;PS;0,125;0,103;0,091;0,11;0,116;0,13;0,146;0,177;0,153;0,2;0,239;0,276;0,317;0,356;0,345;0,41;0,466;0,511;0,616;0,633;0,675;0,718;0,758;0,81;0,845;0,875;0,874;0,918;0,928;0,958;0,967;0,976;0,979;0,989;0,989;0,992;0,994;0,998;1;1;1;1;1;1;1;1;1;1;1;1;1;1;1;1;1;1;1;1;1;1;1;1;1;1;1;1;1;1;1;1;1;1;1;1;1;1;1;1;1;1;1;1;1;1;1;1;1;1;1;1;1;1;1;1;1;1;1;1;1;1
362;PS;0;0;0;0;0;0;0;0;0;0;0;0;0;0;0;0;0;0;0;0;0;0;0;0;0;0;0;0;0;0;0;0;0;0;0;0;0;0;0;0;0;0;0;0;0;0;0;0;0;0;0;0;0;0;0;0;0;0;0;0;0;0;0;0;0;0;0;0;0;0;0;0;0;0;0;0;0;0;0;0;0;0;0;0;0;0;0;0;0;0;0;0;0;0;0;0;0;0;0;0
363;PS;0,112;0,099;0,12;0,089;0,115;0,106;0,116;0,13;0,135;0,133;0,138;0,142;0,153;0,16;0,196;0,189;0,195;0,219;0,256;0,263;0,246;0,266;0,327;0,311;0,35;0,371;0,384;0,372;0,408;0,467;0,474;0,483;0,492;0,564;0,577;0,584;0,61;0,632;0,68;0,686;0,725;0,743;0,751;0,752;0,779;0,817;0,812;0,834;0,862;0,859;0,88;0,908;0,885;0,926;0,929;0,93;0,946;0,958;0,959;0,967;0,973;0,985;0,986;0,993;0,99;0,994;0,99;0,992;0,993;0,997;1;1;1;1;1;1;1;1;1;1;1;1;1;1;1;1;1;1;1;1;1;1;1;1;1;1;1;1;1;1
364;PS;0,099;0,092;0,124;0,096;0,108;0,13;0,139;0,137;0,168;0,167;0,188;0,209;0,217;0,266;0,263;0,29;0,296;0,305;0,354;0,34;0,385;0,41;0,435;0,461;0,469;0,481;0,499;0,557;0,582;0,589;0,563;0,618;0,645;0,627;0,661;0,707;0,684;0,727;0,73;0,739;0,804;0,788;0,798;0,778;0,812;0,815;0,842;0,869;0,847;0,852;0,899;0,884;0,876;0,907;0,918;0,91;0,931;0,942;0,943;0,949;0,945;0,962;0,956;0,961;0,968;0,974;0,971;0,976;0,982;0,983;0,981;0,989;0,99;0,99;0,992;0,998;1;1;1;1;1;1;1;1;1;1;1;1;1;1;1;1;1;1;1;1;1;1;1;1
365;PS;0;0;0;0;0;0;0;0;0;0;0;0;0;0;0;0;0;0;0;0;0;0;0;0;0;0;0;0;0;0;0;0;0;0;0;0;0;0;0;0;0;0;0;0;0;0;0;0;0;0;0;0;0;0;0;0;0;0;0;0;0;0;0;0;0;0;0;0;0;0;0;0;0;0;0;0;0;0;0;0;0;0;0;0;0;0;0;0;0;0;0;0;0;0;0;0;0;0;0;0
366;PS;0;0;0;0;0;0;0;0;0;0;0;0;0;0;0;0;0;0;0;0;0;0;0;0;0;0;0;0;0;0;0;0;0;0;0;0;0;0;0;0;0;0;0;0;0;0;0;0;0;0;0;0;0;0;0;0;0;0;0;0;0;0;0;0;0;0;0;0;0;0;0;0;0;0;0;0;0;0;0;0;0;0;0;0;0;0;0;0;0;0;0;0;0;0;0;0;0;0;0;0
367;PS;0,098;0,101;0,092;0,108;0,111;0,13;0,107;0,129;0,136;0,189;0,21;0,235;0,236;0,278;0,3;0,314;0,332;0,397;0,414;0,447;0,479;0,519;0,528;0,577;0,599;0,643;0,655;0,715;0,732;0,746;0,783;0,824;0,837;0,835;0,877;0,863;0,89;0,917;0,9;0,934;0,946;0,948;0,952;0,966;0,962;0,968;0,979;0,979;0,982;0,994;0,992;0,993;0,995;1;1;1;1;1;1;1;1;1;1;1;1;1;1;1;1;1;1;1;1;1;1;1;1;1;1;1;1;1;1;1;1;1;1;1;1;1;1;1;1;1;1;1;1;1;1;1
368;PS;0;0;0;0;0;0;0;0;0;0;0;0;0;0;0;0;0;0;0;0;0;0;0;0;0;0;0;0;0;0;0;0;0;0;0;0;0;0;0;0;0;0;0;0;0;0;0;0;0;0;0;0;0;0;0;0;0;0;0;0;0;0;0;0;0;0;0;0;0;0;0;0;0;0;0;0;0;0;0;0;0;0;0;0;0;0;0;0;0;0;0;0;0;0;0;0;0;0;0;0
369;PS;0,1;0,12;0,089;0,107;0,115;0,117;0,136;0,165;0,174;0,185;0,198;0,233;0,24;0,315;0,311;0,347;0,39;0,426;0,484;0,527;0,56;0,609;0,625;0,699;0,728;0,767;0,774;0,793;0,861;0,888;0,912;0,92;0,938;0,956;0,959;0,976;0,974;0,986;0,987;0,992;0,994;0,997;1;1;1;1;1;1;1;1;1;1;1;1;1;1;1;1;1;1;1;1;1;1;1;1;1;1;1;1;1;1;1;1;1;1;1;1;1;1;1;1;1;1;1;1;1;1;1;1;1;1;1;1;1;1;1;1;1;1
370;PS;0,098;0,101;0,1;0,113;0,11;0,107;0,144;0,141;0,151;0,162;0,171;0,212;0,198;0,242;0,272;0,27;0,276;0,31;0,363;0,39;0,405;0,42;0,464;0,485;0,506;0,529;0,562;0,588;0,65;0,629;0,69;0,696;0,706;0,753;0,772;0,831;0,808;0,836;0,855;0,858;0,866;0,895;0,892;0,926;0,912;0,938;0,94;0,957;0,956;0,965;0,953;0,974;0,98;0,983;0,99;0,99;0,987;0,986;0,992;0,995;1;1;1;1;1;1;1;1;1;1;1;1;1;1;1;1;1;1;1;1;1;1;1;1;1;1;1;1;1;1;1;1;1;1;1;1;1;1;1;1
371;PS;0,101;0,12;0,108;0,118;0,118;0,138;0,126;0,16;0,157;0,194;0,224;0,226;0,276;0,299;0,33;0,359;0,369;0,411;0,452;0,486;0,544;0,566;0,584;0,618;0,649;0,703;0,717;0,761;0,773;0,806;0,822;0,839;0,872;0,884;0,915;0,904;0,932;0,925;0,952;0,958;0,957;0,982;0,979;0,975;0,984;0,995;1;1;1;1;1;1;1;1;1;1;1;1;1;1;1;1;1;1;1;1;1;1;1;1;1;1;1;1;1;1;1;1;1;1;1;1;1;1;1;1;1;1;1;1;1;1;1;1;1;1;1;1;1;1
372;PS;0,096;0,081;0,107;0,108;0,133;0,124;0,151;0,146;0,216;0,204;0,285;0,283;0,318;0,365;0,41;0,452;0,512;0,541;0,577;0,669;0,719;0,74;0,771;0,825;0,853;0,879;0,918;0,927;0,924;0,951;0,967;0,973;0,974;0,991;0,979;0,994;0,993;0,996;1;1;1;1;1;1;1;1;1;1;1;1;1;1;1;1;1;1;1;1;1;1;1;1;1;1;1;1;1;1;1;1;1;1;1;1;1;1;1;1;1;1;1;1;1;1;1;1;1;1;1;1;1;1;1;1;1;1;1;1;1;1
373;PS;0,107;0,105;0,114;0,115;0,115;0,126;0,151;0,165;0,205;0,214;0,217;0,258;0,261;0,32;0,327;0,366;0,464;0,458;0,49;0,549;0,574;0,668;0,673;0,708;0,753;0,767;0,798;0,845;0,842;0,881;0,897;0,897;0,925;0,946;0,954;0,954;0,969;0,976;0,981;0,985;0,987;0,991;0,99;0,993;0,999;1;1;1;1;1;1;1;1;1;1;1;1;1;1;1;1;1;1;1;1;1;1;1;1;1;1;1;1;1;1;1;1;1;1;1;1;1;1;1;1;1;1;1;1;1;1;1;1;1;1;1;1;1;1;1
374;PS;0;0;0;0;0;0;0;0;0;0;0;0;0;0;0;0;0;0;0;0;0;0;0;0;0;0;0;0;0;0;0;0;0;0;0;0;0;0;0;0;0;0;0;0;0;0;0;0;0;0;0;0;0;0;0;0;0;0;0;0;0;0;0;0;0;0;0;0;0;0;0;0;0;0;0;0;0;0;0;0;0;0;0;0;0;0;0;0;0;0;0;0;0;0;0;0;0;0;0;0
375;PS;0,093;0,109;0,093;0,115;0,104;0,133;0,127;0,147;0,191;0,174;0,194;0,231;0,247;0,266;0,271;0,316;0,33;0,354;0,385;0,398;0,418;0,445;0,467;0,476;0,513;0,517;0,591;0,599;0,615;0,631;0,648;0,689;0,683;0,705;0,73;0,748;0,745;0,765;0,795;0,8;0,836;0,82;0,827;0,837;0,86;0,88;0,882;0,893;0,904;0,902;0,897;0,93;0,925;0,934;0,925;0,937;0,951;0,952;0,966;0,969;0,968;0,976;0,969;0,969;0,978;0,977;0,985;0,989;0,994;0,983;0,989;0,995;1;1;1;1;1;1;1;1;1;1;1;1;1;1;1;1;1;1;1;1;1;1;1;1;1;1;1;1
376;PS;0,1;0,113;0,095;0,092;0,112;0,101;0,108;0,109;0,112;0,119;0,11;0,117;0,114;0,148;0,149;0,131;0,176;0,152;0,157;0,178;0,186;0,184;0,204;0,201;0,204;0,227;0,241;0,242;0,27;0,267;0,293;0,285;0,3;0,343;0,354;0,358;0,354;0,403;0,417;0,419;0,421;0,445;0,462;0,478;0,486;0,529;0,561;0,564;0,598;0,593;0,608;0,652;0,628;0,653;0,694;0,717;0,722;0,743;0,786;0,766;0,799;0,812;0,837;0,838;0,847;0,89;0,88;0,899;0,928;0,916;0,933;0,934;0,935;0,958;0,963;0,976;0,981;0,98;0,988;0,987;0,989;0,989;0,997;1;1;1;1;1;1;1;1;1;1;1;1;1;1;1;1;1
377;PS;0,088;0,104;0,094;0,108;0,106;0,093;0,129;0,12;0,143;0,159;0,168;0,18;0,204;0,233;0,217;0,257;0,26;0,299;0,335;0,325;0,379;0,369;0,395;0,438;0,489;0,466;0,503;0,547;0,57;0,622;0,638;0,659;0,68;0,711;0,734;0,764;0,764;0,793;0,791;0,843;0,829;0,89;0,87;0,885;0,901;0,918;0,94;0,941;0,945;0,956;0,957;0,96;0,976;0,971;0,969;0,989;0,991;0,988;0,993;0,993;0,991;0,993;0,995;1;1;1;1;1;1;1;1;1;1;1;1;1;1;1;1;1;1;1;1;1;1;1;1;1;1;1;1;1;1;1;1;1;1;1;1;1
378;PS;0,1;0,092;0,125;0,104;0,126;0,135;0,137;0,174;0,199;0,238;0,27;0,328;0,342;0,415;0,457;0,519;0,564;0,639;0,692;0,749;0,798;0,837;0,866;0,897;0,927;0,954;0,964;0,975;0,987;0,985;0,993;0,997;1;1;1;1;1;1;1;1;1;1;1;1;1;1;1;1;1;1;1;1;1;1;1;1;1;1;1;1;1;1;1;1;1;1;1;1;1;1;1;1;1;1;1;1;1;1;1;1;1;1;1;1;1;1;1;1;1;1;1;1;1;1;1;1;1;1;1;1
379;PS;0,108;0,117;0,112;0,171;0,234;0,292;0,35;0,424;0,486;0,568;0,623;0,676;0,741;0,806;0,816;0,862;0,897;0,916;0,952;0,953;0,956;0,968;0,976;0,989;0,988;0,992;0,99;0,992;0,996;1;1;1;1;1;1;1;1;1;1;1;1;1;1;1;1;1;1;1;1;1;1;1;1;1;1;1;1;1;1;1;1;1;1;1;1;1;1;1;1;1;1;1;1;1;1;1;1;1;1;1;1;1;1;1;1;1;1;1;1;1;1;1;1;1;1;1;1;1;1;1
380;PS;0;0;0;0;0;0;0;0;0;0;0;0;0;0;0;0;0;0;0;0;0;0;0;0;0;0;0;0;0;0;0;0;0;0;0;0;0;0;0;0;0;0;0;0;0;0;0;0;0;0;0;0;0;0;0;0;0;0;0;0;0;0;0;0;0;0;0;0;0;0;0;0;0;0;0;0;0;0;0;0;0;0;0;0;0;0;0;0;0;0;0;0;0;0;0;0;0;0;0;0
381;PS;0,109;0,102;0,108;0,103;0,115;0,12;0,139;0,154;0,161;0,16;0,187;0,195;0,257;0,258;0,293;0,33;0,329;0,387;0,447;0,512;0,539;0,563;0,619;0,657;0,712;0,712;0,78;0,826;0,832;0,858;0,883;0,906;0,92;0,947;0,964;0,974;0,977;0,98;0,987;0,989;0,991;0,999;1;1;1;1;1;1;1;1;1;1;1;1;1;1;1;1;1;1;1;1;1;1;1;1;1;1;1;1;1;1;1;1;1;1;1;1;1;1;1;1;1;1;1;1;1;1;1;1;1;1;1;1;1;1;1;1;1;1
382;PS;0;0;0;0;0;0;0;0;0;0;0;0;0;0;0;0;0;0;0;0;0;0;0;0;0;0;0;0;0;0;0;0;0;0;0;0;0;0;0;0;0;0;0;0;0;0;0;0;0;0;0;0;0;0;0;0;0;0;0;0;0;0;0;0;0;0;0;0;0;0;0;0;0;0;0;0;0;0;0;0;0;0;0;0;0;0;0;0;0;0;0;0;0;0;0;0;0;0;0;0
383;PS;0,096;0,098;0,109;0,1;0,113;0,114;0,099;0,128;0,122;0,108;0,127;0,141;0,134;0,138;0,167;0,158;0,185;0,178;0,184;0,188;0,195;0,195;0,232;0,25;0,271;0,277;0,308;0,321;0,334;0,347;0,394;0,397;0,419;0,45;0,453;0,482;0,492;0,534;0,548;0,578;0,588;0,626;0,674;0,644;0,704;0,681;0,732;0,758;0,771;0,797;0,816;0,834;0,847;0,849;0,868;0,901;0,914;0,935;0,918;0,935;0,947;0,959;0,953;0,968;0,979;0,98;0,983;0,991;0,992;0,99;0,995;1;1;1;1;1;1;1;1;1;1;1;1;1;1;1;1;1;1;1;1;1;1;1;1;1;1;1;1;1
384;PS;0,123;0,096;0,109;0,101;0,111;0,165;0,187;0,177;0,251;0,316;0,313;0,38;0,422;0,506;0,571;0,613;0,642;0,726;0,741;0,788;0,822;0,867;0,885;0,912;0,947;0,959;0,956;0,97;0,977;0,992;0,99;0,993;0,997;1;1;1;1;1;1;1;1;1;1;1;1;1;1;1;1;1;1;1;1;1;1;1;1;1;1;1;1;1;1;1;1;1;1;1;1;1;1;1;1;1;1;1;1;1;1;1;1;1;1;1;1;1;1;1;1;1;1;1;1;1;1;1;1;1;1;1
385;PS;0,107;0,111;0,094;0,117;0,126;0,173;0,19;0,218;0,294;0,376;0,393;0,509;0,561;0,617;0,739;0,808;0,86;0,875;0,907;0,945;0,965;0,987;0,993;0,991;0,999;1;1;1;1;1;1;1;1;1;1;1;1;1;1;1;1;1;1;1;1;1;1;1;1;1;1;1;1;1;1;1;1;1;1;1;1;1;1;1;1;1;1;1;1;1;1;1;1;1;1;1;1;1;1;1;1;1;1;1;1;1;1;1;1;1;1;1;1;1;1;1;1;1;1;1
386;PS;0,116;0,096;0,11;0,105;0,098;0,134;0,13;0,141;0,132;0,148;0,145;0,16;0,222;0,204;0,202;0,223;0,29;0,274;0,322;0,356;0,372;0,393;0,403;0,472;0,505;0,539;0,546;0,601;0,626;0,649;0,675;0,694;0,754;0,775;0,786;0,833;0,842;0,856;0,884;0,905;0,913;0,917;0,945;0,959;0,956;0,978;0,975;0,973;0,986;0,992;0,992;0,99;0,994;0,995;1;1;1;1;1;1;1;1;1;1;1;1;1;1;1;1;1;1;1;1;1;1;1;1;1;1;1;1;1;1;1;1;1;1;1;1;1;1;1;1;1;1;1;1;1;1
387;PS;0,089;0,093;0,1;0,081;0,116;0,098;0,089;0,106;0,121;0,098;0,11;0,098;0,082;0,089;0,093;0,091;0,118;0,09;0,114;0,108;0,101;0,104;0,114;0,108;0,099;0,118;0,104;0,098;0,09;0,129;0,11;0,119;0,108;0,105;0,112;0,118;0,129;0,087;0,107;0,144;0,117;0,113;0,136;0,133;0,131;0,136;0,131;0,127;0,137;0,146;0,153;0,133;0,136;0,135;0,148;0,132;0,168;0,156;0,165;0,144;0,158;0,155;0,192;0,19;0,19;0,19;0,186;0,202;0,21;0,2;0,221;0,233;0,225;0,236;0,241;0,249;0,26;0,265;0,282;0,289;0,305;0,314;0,319;0,339;0,364;0,387;0,41;0,41;0,472;0,479;0,492;0,559;0,571;0,646;0,667;0,729;0,81;0,874;0,957;0,999
388;PS;0;0;0;0;0;0;0;0;0;0;0;0;0;0;0;0;0;0;0;0;0;0;0;0;0;0;0;0;0;0;0;0;0;0;0;0;0;0;0;0;0;0;0;0;0;0;0;0;0;0;0;0;0;0;0;0;0;0;0;0;0;0;0;0;0;0;0;0;0;0;0;0;0;0;0;0;0;0;0;0;0;0;0;0;0;0;0;0;0;0;0;0;0;0;0;0;0;0;0;0
389;PS;0,095;0,084;0,11;0,11;0,105;0,112;0,122;0,149;0,142;0,166;0,178;0,182;0,212;0,244;0,246;0,294;0,317;0,358;0,351;0,361;0,41;0,47;0,477;0,471;0,538;0,555;0,559;0,61;0,653;0,677;0,711;0,728;0,768;0,782;0,803;0,814;0,861;0,842;0,872;0,888;0,902;0,916;0,923;0,933;0,944;0,945;0,962;0,97;0,973;0,971;0,98;0,981;0,987;0,988;0,992;0,994;0,991;0,997;1;1;1;1;1;1;1;1;1;1;1;1;1;1;1;1;1;1;1;1;1;1;1;1;1;1;1;1;1;1;1;1;1;1;1;1;1;1;1;1;1;1
390;PS;0,098;0,097;0,112;0,13;0,131;0,167;0,142;0,172;0,189;0,231;0,237;0,3;0,311;0,352;0,405;0,445;0,501;0,525;0,583;0,62;0,654;0,695;0,749;0,775;0,77;0,823;0,869;0,881;0,89;0,921;0,931;0,941;0,957;0,971;0,956;0,979;0,985;0,987;0,992;0,993;0,993;0,991;0,996;1;1;1;1;1;1;1;1;1;1;1;1;1;1;1;1;1;1;1;1;1;1;1;1;1;1;1;1;1;1;1;1;1;1;1;1;1;1;1;1;1;1;1;1;1;1;1;1;1;1;1;1;1;1;1;1;1
391;PS;0,109;0,094;0,101;0,116;0,115;0,101;0,096;0,101;0,094;0,119;0,122;0,133;0,162;0,138;0,149;0,153;0,166;0,15;0,185;0,204;0,202;0,192;0,208;0,224;0,209;0,23;0,242;0,283;0,299;0,28;0,292;0,324;0,346;0,372;0,36;0,408;0,393;0,413;0,438;0,436;0,471;0,507;0,508;0,544;0,563;0,552;0,603;0,634;0,643;0,652;0,688;0,707;0,748;0,767;0,767;0,778;0,794;0,819;0,838;0,864;0,869;0,881;0,892;0,916;0,932;0,931;0,932;0,954;0,955;0,976;0,974;0,977;0,985;0,991;0,991;0,99;0,997;1;1;1;1;1;1;1;1;1;1;1;1;1;1;1;1;1;1;1;1;1;1;1
392;PS;0,051;0,04;0,04;0,034;0,035;0,039;0,047;0,034;0,039;0,042;0,048;0,033;0,052;0,048;0,039;0,029;0,042;0,045;0,033;0,04;0,033;0,04;0,043;0,052;0,037;0,039;0,046;0,042;0,036;0,035;0,034;0,03;0,042;0,044;0,04;0,043;0,042;0,035;0,042;0,041;0,049;0,051;0,046;0,047;0,047;0,04;0,037;0,038;0,045;0,048;0,043;0,045;0,04;0,06;0,041;0,046;0,048;0,058;0,043;0,046;0,038;0,058;0,063;0,048;0,041;0,065;0,053;0,05;0,052;0,048;0,063;0,053;0,059;0,066;0,041;0,066;0,068;0,086;0,059;0,058;0,079;0,076;0,089;0,064;0,08;0,089;0,073;0,112;0,092;0,1;0,102;0,115;0,1;0,142;0,131;0,142;0,196;0,217;0,256;0,425
393;PS;0,115;0,109;0,101;0,113;0,102;0,115;0,109;0,11;0,139;0,149;0,153;0,166;0,171;0,184;0,206;0,269;0,246;0,276;0,285;0,327;0,327;0,366;0,39;0,442;0,448;0,451;0,511;0,531;0,6;0,611;0,636;0,637;0,697;0,718;0,767;0,751;0,788;0,806;0,844;0,846;0,872;0,893;0,908;0,908;0,936;0,932;0,957;0,962;0,964;0,955;0,975;0,985;0,983;0,991;0,989;0,995;1;1;1;1;1;1;1;1;1;1;1;1;1;1;1;1;1;1;1;1;1;1;1;1;1;1;1;1;1;1;1;1;1;1;1;1;1;1;1;1;1;1;1;1
394;PS;0,095;0,095;0,108;0,089;0,107;0,113;0,111;0,122;0,153;0,148;0,172;0,173;0,179;0,184;0,206;0,242;0,242;0,29;0,321;0,335;0,36;0,405;0,401;0,45;0,485;0,501;0,548;0,548;0,622;0,664;0,66;0,726;0,718;0,745;0,786;0,803;0,835;0,841;0,852;0,866;0,897;0,911;0,922;0,94;0,946;0,949;0,973;0,974;0,975;0,982;0,985;0,99;0,996;1;1;1;1;1;1;1;1;1;1;1;1;1;1;1;1;1;1;1;1;1;1;1;1;1;1;1;1;1;1;1;1;1;1;1;1;1;1;1;1;1;1;1;1;1;1;1
395;PS;0,092;0,112;0,107;0,113;0,112;0,106;0,111;0,119;0,125;0,122;0,153;0,158;0,17;0,188;0,182;0,189;0,23;0,238;0,239;0,255;0,263;0,298;0,327;0,368;0,373;0,385;0,422;0,436;0,507;0,511;0,542;0,567;0,591;0,639;0,675;0,696;0,721;0,726;0,791;0,79;0,811;0,83;0,866;0,881;0,904;0,902;0,915;0,928;0,943;0,958;0,963;0,964;0,973;0,981;0,979;0,99;0,992;0,992;0,996;1;1;1;1;1;1;1;1;1;1;1;1;1;1;1;1;1;1;1;1;1;1;1;1;1;1;1;1;1;1;1;1;1;1;1;1;1;1;1;1;1
396;PS;0,077;0,104;0,108;0,097;0,094;0,111;0,137;0,12;0,144;0,175;0,177;0,194;0,188;0,238;0,273;0,268;0,306;0,339;0,375;0,376;0,432;0,457;0,48;0,538;0,587;0,611;0,648;0,681;0,726;0,735;0,765;0,795;0,83;0,843;0,86;0,884;0,911;0,929;0,934;0,939;0,964;0,961;0,979;0,989;0,986;0,982;0,987;0,99;0,996;1;1;1;1;1;1;1;1;1;1;1;1;1;1;1;1;1;1;1;1;1;1;1;1;1;1;1;1;1;1;1;1;1;1;1;1;1;1;1;1;1;1;1;1;1;1;1;1;1;1;1
397;PS;0,099;0,1;0,114;0,104;0,109;0,123;0,132;0,165;0,188;0,201;0,226;0,222;0,284;0,295;0,337;0,363;0,442;0,436;0,483;0,494;0,558;0,562;0,626;0,618;0,654;0,71;0,755;0,786;0,809;0,817;0,832;0,856;0,858;0,881;0,889;0,902;0,914;0,939;0,956;0,954;0,971;0,979;0,978;0,98;0,981;0,989;0,987;0,985;0,997;1;1;1;1;1;1;1;1;1;1;1;1;1;1;1;1;1;1;1;1;1;1;1;1;1;1;1;1;1;1;1;1;1;1;1;1;1;1;1;1;1;1;1;1;1;1;1;1;1;1;1
398;PS;0;0;0;0;0;0;0;0;0;0;0;0;0;0;0;0;0;0;0;0;0;0;0;0;0;0;0;0;0;0;0;0;0;0;0;0;0;0;0;0;0;0;0;0;0;0;0;0;0;0;0;0;0;0;0;0;0;0;0;0;0;0;0;0;0;0;0;0;0;0;0;0;0;0;0;0;0;0;0;0;0;0;0;0;0;0;0;0;0;0;0;0;0;0;0;0;0;0;0;0
399;PS;0;0;0;0;0;0;0;0;0;0;0;0;0;0;0;0;0;0;0;0;0;0;0;0;0;0;0;0;0;0;0;0;0;0;0;0;0;0;0;0;0;0;0;0;0;0;0;0;0;0;0;0;0;0;0;0;0;0;0;0;0;0;0;0;0;0;0;0;0;0;0;0;0;0;0;0;0;0;0;0;0;0;0;0;0;0;0;0;0;0;0;0;0;0;0;0;0;0;0;0
400;PS;0,091;0,1;0,105;0,104;0,121;0,141;0,152;0,183;0,182;0,201;0,253;0,263;0,275;0,319;0,38;0,408;0,435;0,448;0,49;0,51;0,549;0,573;0,611;0,647;0,661;0,694;0,731;0,724;0,755;0,797;0,783;0,815;0,839;0,851;0,845;0,87;0,902;0,9;0,888;0,919;0,908;0,933;0,935;0,954;0,952;0,967;0,973;0,979;0,968;0,972;0,976;0,985;0,984;0,987;0,985;0,993;0,99;0,994;0,994;0,997;1;1;1;1;1;1;1;1;1;1;1;1;1;1;1;1;1;1;1;1;1;1;1;1;1;1;1;1;1;1;1;1;1;1;1;1;1;1;1;1
401;PS;0,106;0,117;0,123;0,166;0,25;0,313;0,385;0,538;0,606;0,726;0,759;0,863;0,897;0,92;0,959;0,97;0,985;0,992;0,996;1;1;1;1;1;1;1;1;1;1;1;1;1;1;1;1;1;1;1;1;1;1;1;1;1;1;1;1;1;1;1;1;1;1;1;1;1;1;1;1;1;1;1;1;1;1;1;1;1;1;1;1;1;1;1;1;1;1;1;1;1;1;1;1;1;1;1;1;1;1;1;1;1;1;1;1;1;1;1;1;1
402;PS;0;0;0;0;0;0;0;0;0;0;0;0;0;0;0;0;0;0;0;0;0;0;0;0;0;0;0;0;0;0;0;0;0;0;0;0;0;0;0;0;0;0;0;0;0;0;0;0;0;0;0;0;0;0;0;0;0;0;0;0;0;0;0;0;0;0;0;0;0;0;0;0;0;0;0;0;0;0;0;0;0;0;0;0;0;0;0;0;0;0;0;0;0;0;0;0;0;0;0;0
403;PS;0;0;0;0;0;0;0;0;0;0;0;0;0;0;0;0;0;0;0;0;0;0;0;0;0;0;0;0;0;0;0;0;0;0;0;0;0;0;0;0;0;0;0;0;0;0;0;0;0;0;0;0;0;0;0;0;0;0;0;0;0;0;0;0;0;0;0;0;0;0;0;0;0;0;0;0;0;0;0;0;0;0;0;0;0;0;0;0;0;0;0;0;0;0;0;0;0;0;0;0
404;PS;0;0;0;0;0;0;0;0;0;0;0;0;0;0;0;0;0;0;0;0;0;0;0;0;0;0;0;0;0;0;0;0;0;0;0;0;0;0;0;0;0;0;0;0;0;0;0;0;0;0;0;0;0;0;0;0;0;0;0;0;0;0;0;0;0;0;0;0;0;0;0;0;0;0;0;0;0;0;0;0;0;0;0;0;0;0;0;0;0;0;0;0;0;0;0;0;0;0;0;0
405;PS;0,105;0,106;0,103;0,109;0,107;0,1;0,112;0,148;0,133;0,125;0,154;0,166;0,17;0,169;0,187;0,244;0,25;0,253;0,277;0,288;0,346;0,358;0,381;0,403;0,437;0,479;0,477;0,527;0,54;0,572;0,597;0,667;0,687;0,702;0,734;0,764;0,805;0,812;0,808;0,837;0,858;0,868;0,882;0,923;0,933;0,94;0,955;0,951;0,962;0,969;0,974;0,977;0,988;0,985;0,986;0,99;0,996;1;1;1;1;1;1;1;1;1;1;1;1;1;1;1;1;1;1;1;1;1;1;1;1;1;1;1;1;1;1;1;1;1;1;1;1;1;1;1;1;1;1;1
406;PS;0;0;0;0;0;0;0;0;0;0;0;0;0;0;0;0;0;0;0;0;0;0;0;0;0;0;0;0;0;0;0;0;0;0;0;0;0;0;0;0;0;0;0;0;0;0;0;0;0;0;0;0;0;0;0;0;0;0;0;0;0;0;0;0;0;0;0;0;0;0;0;0;0;0;0;0;0;0;0;0;0;0;0;0;0;0;0;0;0;0;0;0;0;0;0;0;0;0;0;0
407;PS;0,09;0,121;0,107;0,118;0,108;0,128;0,142;0,156;0,167;0,173;0,206;0,222;0,241;0,277;0,292;0,315;0,373;0,367;0,395;0,42;0,477;0,505;0,544;0,576;0,579;0,641;0,685;0,722;0,72;0,745;0,758;0,809;0,835;0,834;0,874;0,873;0,894;0,889;0,913;0,919;0,94;0,952;0,962;0,95;0,955;0,979;0,98;0,987;0,991;0,984;0,986;0,994;0,994;0,999;1;1;1;1;1;1;1;1;1;1;1;1;1;1;1;1;1;1;1;1;1;1;1;1;1;1;1;1;1;1;1;1;1;1;1;1;1;1;1;1;1;1;1;1;1;1
408;PS;0,105;0,106;0,131;0,128;0,125;0,129;0,179;0,189;0,231;0,278;0,331;0,396;0,442;0,499;0,587;0,645;0,726;0,753;0,819;0,858;0,905;0,941;0,95;0,965;0,979;0,994;0,994;0,996;1;1;1;1;1;1;1;1;1;1;1;1;1;1;1;1;1;1;1;1;1;1;1;1;1;1;1;1;1;1;1;1;1;1;1;1;1;1;1;1;1;1;1;1;1;1;1;1;1;1;1;1;1;1;1;1;1;1;1;1;1;1;1;1;1;1;1;1;1;1;1;1
409;PS;0;0;0;0;0;0;0;0;0;0;0;0;0;0;0;0;0;0;0;0;0;0;0;0;0;0;0;0;0;0;0;0;0;0;0;0;0;0;0;0;0;0;0;0;0;0;0;0;0;0;0;0;0;0;0;0;0;0;0;0;0;0;0;0;0;0;0;0;0;0;0;0;0;0;0;0;0;0;0;0;0;0;0;0;0;0;0;0;0;0;0;0;0;0;0;0;0;0;0;0
410;PS;0,096;0,091;0,109;0,097;0,116;0,117;0,133;0,144;0,15;0,171;0,173;0,194;0,207;0,218;0,238;0,244;0,286;0,317;0,336;0,372;0,359;0,377;0,43;0,41;0,451;0,475;0,529;0,522;0,532;0,574;0,559;0,599;0,631;0,655;0,672;0,685;0,688;0,703;0,739;0,748;0,784;0,772;0,798;0,803;0,824;0,84;0,834;0,852;0,873;0,877;0,899;0,903;0,886;0,926;0,924;0,923;0,924;0,918;0,933;0,953;0,953;0,959;0,969;0,979;0,969;0,969;0,983;0,981;0,988;0,986;0,985;0,99;0,985;0,991;0,996;1;1;1;1;1;1;1;1;1;1;1;1;1;1;1;1;1;1;1;1;1;1;1;1;1
411;PS;0,09;0,098;0,189;0,292;0,501;0,706;0,854;0,946;0,979;0,999;1;1;1;1;1;1;1;1;1;1;1;1;1;1;1;1;1;1;1;1;1;1;1;1;1;1;1;1;1;1;1;1;1;1;1;1;1;1;1;1;1;1;1;1;1;1;1;1;1;1;1;1;1;1;1;1;1;1;1;1;1;1;1;1;1;1;1;1;1;1;1;1;1;1;1;1;1;1;1;1;1;1;1;1;1;1;1;1;1;1
412;PS;0,113;0,089;0,109;0,118;0,127;0,118;0,102;0,124;0,137;0,135;0,167;0,157;0,193;0,2;0,217;0,212;0,248;0,281;0,298;0,348;0,364;0,371;0,389;0,424;0,422;0,49;0,506;0,566;0,558;0,597;0,646;0,639;0,681;0,695;0,731;0,773;0,796;0,804;0,839;0,853;0,883;0,884;0,886;0,908;0,929;0,94;0,941;0,95;0,962;0,967;0,974;0,976;0,975;0,986;0,985;0,993;0,997;1;1;1;1;1;1;1;1;1;1;1;1;1;1;1;1;1;1;1;1;1;1;1;1;1;1;1;1;1;1;1;1;1;1;1;1;1;1;1;1;1;1;1
413;PS;0,104;0,12;0,108;0,108;0,123;0,148;0,169;0,182;0,232;0,294;0,308;0,389;0,415;0,484;0,55;0,609;0,668;0,761;0,776;0,84;0,884;0,886;0,93;0,957;0,958;0,973;0,992;0,994;0,99;0,996;1;1;1;1;1;1;1;1;1;1;1;1;1;1;1;1;1;1;1;1;1;1;1;1;1;1;1;1;1;1;1;1;1;1;1;1;1;1;1;1;1;1;1;1;1;1;1;1;1;1;1;1;1;1;1;1;1;1;1;1;1;1;1;1;1;1;1;1;1;1
414;PS;0;0;0;0;0;0;0;0;0;0;0;0;0;0;0;0;0;0;0;0;0;0;0;0;0;0;0;0;0;0;0;0;0;0;0;0;0;0;0;0;0;0;0;0;0;0;0;0;0;0;0;0;0;0;0;0;0;0;0;0;0;0;0;0;0;0;0;0;0;0;0;0;0;0;0;0;0;0;0;0;0;0;0;0;0;0;0;0;0;0;0;0;0;0;0;0;0;0;0;0
415;PS;0,107;0,094;0,104;0,106;0,104;0,117;0,126;0,136;0,138;0,191;0,179;0,202;0,219;0,233;0,275;0,277;0,303;0,32;0,339;0,361;0,404;0,41;0,461;0,461;0,472;0,497;0,541;0,554;0,562;0,59;0,606;0,61;0,633;0,673;0,694;0,685;0,73;0,733;0,765;0,759;0,784;0,796;0,803;0,835;0,843;0,829;0,869;0,867;0,88;0,863;0,895;0,916;0,917;0,936;0,933;0,947;0,94;0,957;0,95;0,956;0,959;0,971;0,973;0,984;0,972;0,983;0,982;0,985;0,99;0,989;0,99;0,993;0,989;0,992;0,997;1;1;1;1;1;1;1;1;1;1;1;1;1;1;1;1;1;1;1;1;1;1;1;1;1
416;PS;0;0;0;0;0;0;0;0;0;0;0;0;0;0;0;0;0;0;0;0;0;0;0;0;0;0;0;0;0;0;0;0;0;0;0;0;0;0;0;0;0;0;0;0;0;0;0;0;0;0;0;0;0;0;0;0;0;0;0;0;0;0;0;0;0;0;0;0;0;0;0;0;0;0;0;0;0;0;0;0;0;0;0;0;0;0;0;0;0;0;0;0;0;0;0;0;0;0;0;0
417;PS;0;0;0;0;0;0;0;0;0;0;0;0;0;0;0;0;0;0;0;0;0;0;0;0;0;0;0;0;0;0;0;0;0;0;0;0;0;0;0;0;0;0;0;0;0;0;0;0;0;0;0;0;0;0;0;0;0;0;0;0;0;0;0;0;0;0;0;0;0;0;0;0;0;0;0;0;0;0;0;0;0;0;0;0;0;0;0;0;0;0;0;0;0;0;0;0;0;0;0;0
418;PS;0,104;0,097;0,105;0,095;0,109;0,113;0,09;0,109;0,117;0,128;0,153;0,17;0,155;0,161;0,152;0,174;0,204;0,225;0,209;0,258;0,266;0,295;0,286;0,337;0,326;0,356;0,377;0,409;0,424;0,432;0,505;0,482;0,472;0,533;0,544;0,55;0,575;0,601;0,607;0,641;0,631;0,662;0,723;0,719;0,707;0,752;0,778;0,798;0,802;0,823;0,821;0,852;0,858;0,88;0,872;0,894;0,902;0,925;0,921;0,934;0,954;0,946;0,969;0,975;0,963;0,979;0,973;0,982;0,979;0,992;0,989;0,992;0,998;1;1;1;1;1;1;1;1;1;1;1;1;1;1;1;1;1;1;1;1;1;1;1;1;1;1;1
419;PS;0,105;0,098;0,11;0,118;0,103;0,126;0,154;0,153;0,16;0,175;0,181;0,207;0,234;0,234;0,281;0,278;0,33;0,352;0,34;0,361;0,411;0,456;0,447;0,479;0,5;0,536;0,556;0,563;0,601;0,601;0,639;0,688;0,704;0,707;0,749;0,709;0,735;0,794;0,8;0,8;0,813;0,818;0,85;0,846;0,882;0,864;0,896;0,914;0,909;0,902;0,929;0,907;0,927;0,942;0,942;0,947;0,962;0,971;0,968;0,977;0,978;0,974;0,98;0,983;0,973;0,989;0,997;1;1;1;1;1;1;1;1;1;1;1;1;1;1;1;1;1;1;1;1;1;1;1;1;1;1;1;1;1;1;1;1;1
420;PS;0;0;0;0;0;0;0;0;0;0;0;0;0;0;0;0;0;0;0;0;0;0;0;0;0;0;0;0;0;0;0;0;0;0;0;0;0;0;0;0;0;0;0;0;0;0;0;0;0;0;0;0;0;0;0;0;0;0;0;0;0;0;0;0;0;0;0;0;0;0;0;0;0;0;0;0;0;0;0;0;0;0;0;0;0;0;0;0;0;0;0;0;0;0;0;0;0;0;0;0
421;PS;0;0;0;0;0;0;0;0;0;0;0;0;0;0;0;0;0;0;0;0;0;0;0;0;0;0;0;0;0;0;0;0;0;0;0;0;0;0;0;0;0;0;0;0;0;0;0;0;0;0;0;0;0;0;0;0;0;0;0;0;0;0;0;0;0;0;0;0;0;0;0;0;0;0;0;0;0;0;0;0;0;0;0;0;0;0;0;0;0;0;0;0;0;0;0;0;0;0;0;0
422;PS;0;0;0;0;0;0;0;0;0;0;0;0;0;0;0;0;0;0;0;0;0;0;0;0;0;0;0;0;0;0;0;0;0;0;0;0;0;0;0;0;0;0;0;0;0;0;0;0;0;0;0;0;0;0;0;0;0;0;0;0;0;0;0;0;0;0;0;0;0;0;0;0;0;0;0;0;0;0;0;0;0;0;0;0;0;0;0;0;0;0;0;0;0;0;0;0;0;0;0;0
423;PS;0;0;0;0;0;0;0;0;0;0;0;0;0;0;0;0;0;0;0;0;0;0;0;0;0;0;0;0;0;0;0;0;0;0;0;0;0;0;0;0;0;0;0;0;0;0;0;0;0;0;0;0;0;0;0;0;0;0;0;0;0;0;0;0;0;0;0;0;0;0;0;0;0;0;0;0;0;0;0;0;0;0;0;0;0;0;0;0;0;0;0;0;0;0;0;0;0;0;0;0
424;PS;0,117;0,098;0,089;0,105;0,117;0,116;0,129;0,141;0,164;0,154;0,182;0,211;0,217;0,244;0,261;0,289;0,31;0,308;0,318;0,326;0,389;0,399;0,461;0,454;0,453;0,504;0,504;0,54;0,573;0,576;0,558;0,623;0,631;0,659;0,683;0,702;0,682;0,719;0,72;0,753;0,749;0,792;0,764;0,799;0,817;0,821;0,845;0,856;0,857;0,867;0,873;0,885;0,907;0,913;0,909;0,934;0,921;0,922;0,945;0,939;0,957;0,947;0,964;0,968;0,972;0,977;0,974;0,979;0,989;0,986;0,985;0,983;0,983;0,992;0,988;0,992;0,992;0,999;1;1;1;1;1;1;1;1;1;1;1;1;1;1;1;1;1;1;1;1;1;1
425;PS;0,105;0,101;0,096;0,102;0,117;0,123;0,132;0,15;0,164;0,163;0,182;0,196;0,193;0,225;0,253;0,284;0,277;0,275;0,328;0,366;0,362;0,391;0,41;0,429;0,445;0,451;0,494;0,501;0,526;0,532;0,579;0,594;0,644;0,658;0,672;0,684;0,714;0,686;0,728;0,723;0,741;0,776;0,776;0,794;0,822;0,825;0,846;0,873;0,873;0,866;0,892;0,901;0,886;0,913;0,926;0,919;0,93;0,937;0,947;0,937;0,95;0,956;0,96;0,977;0,971;0,979;0,981;0,978;0,976;0,992;0,988;0,989;0,992;0,989;0,995;1;1;1;1;1;1;1;1;1;1;1;1;1;1;1;1;1;1;1;1;1;1;1;1;1
426;PS;0,123;0,095;0,101;0,1;0,148;0,173;0,174;0,219;0,227;0,26;0,293;0,334;0,388;0,414;0,465;0,501;0,543;0,571;0,613;0,643;0,674;0,697;0,729;0,766;0,818;0,835;0,827;0,85;0,883;0,895;0,899;0,91;0,925;0,945;0,939;0,963;0,958;0,974;0,976;0,984;0,982;0,983;0,99;0,988;0,993;0,998;1;1;1;1;1;1;1;1;1;1;1;1;1;1;1;1;1;1;1;1;1;1;1;1;1;1;1;1;1;1;1;1;1;1;1;1;1;1;1;1;1;1;1;1;1;1;1;1;1;1;1;1;1;1
427;PS;0;0;0;0;0;0;0;0;0;0;0;0;0;0;0;0;0;0;0;0;0;0;0;0;0;0;0;0;0;0;0;0;0;0;0;0;0;0;0;0;0;0;0;0;0;0;0;0;0;0;0;0;0;0;0;0;0;0;0;0;0;0;0;0;0;0;0;0;0;0;0;0;0;0;0;0;0;0;0;0;0;0;0;0;0;0;0;0;0;0;0;0;0;0;0;0;0;0;0;0
428;PS;0;0;0;0;0;0;0;0;0;0;0;0;0;0;0;0;0;0;0;0;0;0;0;0;0;0;0;0;0;0;0;0;0;0;0;0;0;0;0;0;0;0;0;0;0;0;0;0;0;0;0;0;0;0;0;0;0;0;0;0;0;0;0;0;0;0;0;0;0;0;0;0;0;0;0;0;0;0;0;0;0;0;0;0;0;0;0;0;0;0;0;0;0;0;0;0;0;0;0;0
429;PS;0,093;0,088;0,116;0,11;0,123;0,144;0,136;0,173;0,182;0,2;0,227;0,245;0,259;0,293;0,357;0,344;0,355;0,399;0,407;0,435;0,47;0,507;0,521;0,532;0,565;0,593;0,602;0,619;0,639;0,661;0,686;0,706;0,711;0,765;0,749;0,77;0,767;0,784;0,832;0,838;0,855;0,867;0,861;0,874;0,874;0,888;0,897;0,906;0,923;0,93;0,907;0,953;0,947;0,951;0,961;0,952;0,967;0,964;0,969;0,971;0,979;0,985;0,983;0,989;0,992;0,989;0,987;0,992;0,991;0,998;1;1;1;1;1;1;1;1;1;1;1;1;1;1;1;1;1;1;1;1;1;1;1;1;1;1;1;1;1;1
430;PS;0;0;0;0;0;0;0;0;0;0;0;0;0;0;0;0;0;0;0;0;0;0;0;0;0;0;0;0;0;0;0;0;0;0;0;0;0;0;0;0;0;0;0;0;0;0;0;0;0;0;0;0;0;0;0;0;0;0;0;0;0;0;0;0;0;0;0;0;0;0;0;0;0;0;0;0;0;0;0;0;0;0;0;0;0;0;0;0;0;0;0;0;0;0;0;0;0;0;0;0
431;PS;0,11;0,099;0,092;0,096;0,136;0,128;0,149;0,165;0,194;0,187;0,222;0,252;0,273;0,327;0,322;0,352;0,38;0,396;0,438;0,418;0,481;0,486;0,546;0,548;0,56;0,604;0,596;0,655;0,663;0,683;0,715;0,721;0,709;0,771;0,751;0,779;0,807;0,823;0,819;0,836;0,844;0,836;0,897;0,885;0,9;0,891;0,902;0,919;0,922;0,94;0,946;0,935;0,951;0,952;0,954;0,965;0,96;0,974;0,98;0,974;0,976;0,972;0,985;0,986;0,982;0,989;0,991;0,991;0,992;0,992;0,996;1;1;1;1;1;1;1;1;1;1;1;1;1;1;1;1;1;1;1;1;1;1;1;1;1;1;1;1;1
432;PS;0;0;0;0;0;0;0;0;0;0;0;0;0;0;0;0;0;0;0;0;0;0;0;0;0;0;0;0;0;0;0;0;0;0;0;0;0;0;0;0;0;0;0;0;0;0;0;0;0;0;0;0;0;0;0;0;0;0;0;0;0;0;0;0;0;0;0;0;0;0;0;0;0;0;0;0;0;0;0;0;0;0;0;0;0;0;0;0;0;0;0;0;0;0;0;0;0;0;0;0
433;PS;0;0;0;0;0;0;0;0;0;0;0;0;0;0;0;0;0;0;0;0;0;0;0;0;0;0;0;0;0;0;0;0;0;0;0;0;0;0;0;0;0;0;0;0;0;0;0;0;0;0;0;0;0;0;0;0;0;0;0;0;0;0;0;0;0;0;0;0;0;0;0;0;0;0;0;0;0;0;0;0;0;0;0;0;0;0;0;0;0;0;0;0;0;0;0;0;0;0;0;0
434;PS;0,112;0,104;0,107;0,1;0,122;0,129;0,153;0,167;0,174;0,227;0,25;0,283;0,272;0,377;0,403;0,449;0,486;0,551;0,609;0,658;0,695;0,751;0,792;0,846;0,885;0,875;0,922;0,94;0,954;0,963;0,968;0,978;0,983;0,988;0,994;0,996;1;1;1;1;1;1;1;1;1;1;1;1;1;1;1;1;1;1;1;1;1;1;1;1;1;1;1;1;1;1;1;1;1;1;1;1;1;1;1;1;1;1;1;1;1;1;1;1;1;1;1;1;1;1;1;1;1;1;1;1;1;1;1;1
435;PS;0,102;0,105;0,119;0,112;0,095;0,109;0,099;0,119;0,126;0,134;0,154;0,145;0,162;0,174;0,17;0,199;0,21;0,231;0,255;0,284;0,276;0,304;0,335;0,355;0,388;0,399;0,456;0,47;0,502;0,539;0,522;0,528;0,563;0,617;0,655;0,708;0,704;0,732;0,769;0,772;0,805;0,803;0,855;0,881;0,885;0,904;0,917;0,938;0,93;0,951;0,96;0,97;0,977;0,975;0,987;0,985;0,985;0,988;0,995;1;1;1;1;1;1;1;1;1;1;1;1;1;1;1;1;1;1;1;1;1;1;1;1;1;1;1;1;1;1;1;1;1;1;1;1;1;1;1;1;1
